dataset,config,image,true_label,pred,error_category
rxhandbd,seed1_ce_only,P0001.jpg,Nexcital,Nexcitac,minor_ocr_noise
rxhandbd,seed1_ce_only,P0002.jpg,Inderen,Inderex,minor_ocr_noise
rxhandbd,seed1_ce_only,P0003.jpg,Indever,Indever,correct
rxhandbd,seed1_ce_only,P0004.jpg,Losita,losita,correct
rxhandbd,seed1_ce_only,P0005.jpg,Rivotril,Rivotril,correct
rxhandbd,seed1_ce_only,P0006.jpg,Asynta,Asynta,correct
rxhandbd,seed1_ce_only,P0007.jpg,Napa,Napa,correct
rxhandbd,seed1_ce_only,P0008.jpg,Econate,econate,correct
rxhandbd,seed1_ce_only,P0009.jpg,Exeptim,exepitima,minor_ocr_noise
rxhandbd,seed1_ce_only,P0010.jpg,Napa,Napa,correct
rxhandbd,seed1_ce_only,P0011.jpg,Kacin,Kacin,correct
rxhandbd,seed1_ce_only,P0012.jpg,Lubilay,Lurfilax,hallucination_far_off
rxhandbd,seed1_ce_only,P0013.jpg,T-Cef,Tolef,hallucination_far_off
rxhandbd,seed1_ce_only,P0014.jpg,Algin,algin,correct
rxhandbd,seed1_ce_only,P0015.jpg,Dexter,Dexter,correct
rxhandbd,seed1_ce_only,P0016.jpg,Escilex,eslilex,confusable_wrong_drug
rxhandbd,seed1_ce_only,P0017.jpg,Traxy,maxyl500,hallucination_far_off
rxhandbd,seed1_ce_only,P0018.jpg,Setra,Setzu,hallucination_far_off
rxhandbd,seed1_ce_only,P0019.jpg,HPR DS,Tipr Ds,minor_ocr_noise
rxhandbd,seed1_ce_only,P0020.jpg,palpitation,palpitation,correct
rxhandbd,seed1_ce_only,P0021.jpg,Napa,galofonimica,hallucination_far_off
rxhandbd,seed1_ce_only,P0022.jpg,Kacin,prolactin,hallucination_far_off
rxhandbd,seed1_ce_only,P0023.jpg,Zimax,Xian-B,hallucination_far_off
rxhandbd,seed1_ce_only,P0024.jpg,Dexter,Zimax,other_wrong_real_word
rxhandbd,seed1_ce_only,P0025.jpg,Panied,Flamex,other_wrong_real_word
rxhandbd,seed1_ce_only,P0026.jpg,Nimens,radicel,hallucination_far_off
rxhandbd,seed1_ce_only,P0027.jpg,Elija,Nomen,hallucination_far_off
rxhandbd,seed1_ce_only,P0028.jpg,Comet,Elija,other_wrong_real_word
rxhandbd,seed1_ce_only,P0029.jpg,bengel,Comet,other_wrong_real_word
rxhandbd,seed1_ce_only,P0030.jpg,Relvis,Bengel,other_wrong_real_word
rxhandbd,seed1_ce_only,P0031.jpg,Medroxy,Relvis,other_wrong_real_word
rxhandbd,seed1_ce_only,P0032.jpg,myosit,Medroxy,other_wrong_real_word
rxhandbd,seed1_ce_only,P0033.jpg,Furocef,Nyosit,hallucination_far_off
rxhandbd,seed1_ce_only,P0034.jpg,Torat,Furocef,other_wrong_real_word
rxhandbd,seed1_ce_only,P0035.jpg,Dextal,torat,other_wrong_real_word
rxhandbd,seed1_ce_only,P0036.jpg,Thyrox,Dexiac,hallucination_far_off
rxhandbd,seed1_ce_only,P0037.jpg,Voligel,remens,hallucination_far_off
rxhandbd,seed1_ce_only,P0038.jpg,Sandin,RML,hallucination_far_off
rxhandbd,seed1_ce_only,P0039.jpg,Paloxi,Sandin,other_wrong_real_word
rxhandbd,seed1_ce_only,P0040.jpg,Domin,Paloxi,other_wrong_real_word
rxhandbd,seed1_ce_only,P0041.jpg,Sergel,Domin,other_wrong_real_word
rxhandbd,seed1_ce_only,P0042.jpg,HPR DS,beryl,hallucination_far_off
rxhandbd,seed1_ce_only,P0043.jpg,Nitrofur,Colican,hallucination_far_off
rxhandbd,seed1_ce_only,P0044.jpg,Doxycap,Nilrofur,hallucination_far_off
rxhandbd,seed1_ce_only,P0045.jpg,???,doxycap,other_wrong_real_word
rxhandbd,seed1_ce_only,P0046.jpg,Omep,Xp a,hallucination_far_off
rxhandbd,seed1_ce_only,P0047.jpg,Doxycap,Omep,other_wrong_real_word
rxhandbd,seed1_ce_only,P0048.jpg,Robac,dosiycap,hallucination_far_off
rxhandbd,seed1_ce_only,P0049.jpg,Omep,Rolac,other_wrong_real_word
rxhandbd,seed1_ce_only,P0050.jpg,CORTAN,omep,other_wrong_real_word
rxhandbd,seed1_ce_only,P0051.jpg,VASCO,Cortan,other_wrong_real_word
rxhandbd,seed1_ce_only,P0052.jpg,Losectil,vasco,other_wrong_real_word
rxhandbd,seed1_ce_only,P0053.jpg,Paloxi,losectil,other_wrong_real_word
rxhandbd,seed1_ce_only,P0054.jpg,Precabil,Monacac,hallucination_far_off
rxhandbd,seed1_ce_only,P0055.jpg,Fougest,Precolil,hallucination_far_off
rxhandbd,seed1_ce_only,P0056.jpg,Omep,Fpuigest,hallucination_far_off
rxhandbd,seed1_ce_only,P0057.jpg,RUPIN,Sulfalin,hallucination_far_off
rxhandbd,seed1_ce_only,P0058.jpg,FEXO,Rupin,other_wrong_real_word
rxhandbd,seed1_ce_only,P0059.jpg,Omep,Fexo,other_wrong_real_word
rxhandbd,seed1_ce_only,P0060.jpg,Maxpro,visco Harbor,hallucination_far_off
rxhandbd,seed1_ce_only,P0061.jpg,Sergel,Maxpro,other_wrong_real_word
rxhandbd,seed1_ce_only,P0062.jpg,Disopan,Sertix,hallucination_far_off
rxhandbd,seed1_ce_only,P0063.jpg,Indever,Desopars,hallucination_far_off
rxhandbd,seed1_ce_only,P0064.jpg,N-MAX SO,Indever,other_wrong_real_word
rxhandbd,seed1_ce_only,P0065.jpg,Sergel,N-Max,other_wrong_real_word
rxhandbd,seed1_ce_only,P0066.jpg,Domin,Sesclno,hallucination_far_off
rxhandbd,seed1_ce_only,P0067.jpg,Profenid Gel,Diculfid,hallucination_far_off
rxhandbd,seed1_ce_only,P0068.jpg,Rudi,profendol,hallucination_far_off
rxhandbd,seed1_ce_only,P0069.jpg,Sergel,Rudor,hallucination_far_off
rxhandbd,seed1_ce_only,P0070.jpg,Indever,Ceosone,hallucination_far_off
rxhandbd,seed1_ce_only,P0071.jpg,Etorix,inderen,other_wrong_real_word
rxhandbd,seed1_ce_only,P0072.jpg,Traxyl,Nexcital,other_wrong_real_word
rxhandbd,seed1_ce_only,P0073.jpg,Apeelo,maxyt,hallucination_far_off
rxhandbd,seed1_ce_only,P0074.jpg,myolax,Cinema plus,hallucination_far_off
rxhandbd,seed1_ce_only,P0075.jpg,Tenocab,Menanil-B,hallucination_far_off
rxhandbd,seed1_ce_only,P0076.jpg,Mixit,tenocab,other_wrong_real_word
rxhandbd,seed1_ce_only,P0077.jpg,Radifil,Biscorfzor plus,hallucination_far_off
rxhandbd,seed1_ce_only,P0078.jpg,Nervion,idecal D,hallucination_far_off
rxhandbd,seed1_ce_only,P0079.jpg,Povital,Remmo,other_wrong_real_word
rxhandbd,seed1_ce_only,P0080.jpg,Napa,Napdas,hallucination_far_off
rxhandbd,seed1_ce_only,P0081.jpg,Voligel,nolisef,hallucination_far_off
rxhandbd,seed1_ce_only,P0082.jpg,Apeelo,apeolo,minor_ocr_noise
rxhandbd,seed1_ce_only,P0083.jpg,Radifil,raditil,confusable_wrong_drug
rxhandbd,seed1_ce_only,P0084.jpg,Vonocab,Vonorab,confusable_wrong_drug
rxhandbd,seed1_ce_only,P0085.jpg,Thyrox,Thyrox,correct
rxhandbd,seed1_ce_only,P0086.jpg,Voligel,Voligel,correct
rxhandbd,seed1_ce_only,P0087.jpg,Etorix,Etorix,correct
rxhandbd,seed1_ce_only,P0088.jpg,Apeelo,apeclo,confusable_wrong_drug
rxhandbd,seed1_ce_only,P0089.jpg,myolax,myolax,correct
rxhandbd,seed1_ce_only,P0090.jpg,Nervion,Nervion,correct
rxhandbd,seed1_ce_only,P0091.jpg,Esahil,Eschil,minor_ocr_noise
rxhandbd,seed1_ce_only,P0092.jpg,Kinate,Kinate,correct
rxhandbd,seed1_ce_only,P0093.jpg,Frulae,Frulac,confusable_wrong_drug
rxhandbd,seed1_ce_only,P0094.jpg,Mixit,Mixit,correct
rxhandbd,seed1_ce_only,P0095.jpg,Radifil,raditil,confusable_wrong_drug
rxhandbd,seed1_ce_only,P0096.jpg,Nervion,Neprion,minor_ocr_noise
rxhandbd,seed1_ce_only,P0097.jpg,Povital,povital,correct
rxhandbd,seed1_ce_only,P0098.jpg,Fylox,Fylox,correct
rxhandbd,seed1_ce_only,P0099.jpg,Vonocab,vonocab,correct
rxhandbd,seed1_ce_only,P0100.jpg,Etorix,Etorix,correct
rxhandbd,seed1_ce_only,P0101.jpg,Telmacal,Telmacal,correct
rxhandbd,seed1_ce_only,P0102.jpg,Rosu,Rosu,correct
rxhandbd,seed1_ce_only,P0103.jpg,Apeelo,apeelo,correct
rxhandbd,seed1_ce_only,P0104.jpg,Myolax,myolax,correct
rxhandbd,seed1_ce_only,P0105.jpg,Cora DX,Cora Dx,correct
rxhandbd,seed1_ce_only,P0106.jpg,Vonocab,dexnaf,hallucination_far_off
rxhandbd,seed1_ce_only,P0107.jpg,Duloxen,Duloxen,correct
rxhandbd,seed1_ce_only,P0108.jpg,Fixocard,fixocared,minor_ocr_noise
rxhandbd,seed1_ce_only,P0109.jpg,Pregan,pregan,correct
rxhandbd,seed1_ce_only,P0110.jpg,Emep,emep,correct
rxhandbd,seed1_ce_only,P0111.jpg,myotax,myotax,correct
rxhandbd,seed1_ce_only,P0112.jpg,Napronex,nepanax,hallucination_far_off
rxhandbd,seed1_ce_only,P0113.jpg,Avloclav,avloclav,correct
rxhandbd,seed1_ce_only,P0114.jpg,Klobid,klabid,confusable_wrong_drug
rxhandbd,seed1_ce_only,P0115.jpg,Montelon,Montelon,correct
rxhandbd,seed1_ce_only,P0116.jpg,Vonocab,vonocab,correct
rxhandbd,seed1_ce_only,P0117.jpg,Napa,Napa,correct
rxhandbd,seed1_ce_only,P0118.jpg,Esohil,eschil,minor_ocr_noise
rxhandbd,seed1_ce_only,P0119.jpg,Vonocab,vonocab,correct
rxhandbd,seed1_ce_only,P0120.jpg,Kinate,Kinate,correct
rxhandbd,seed1_ce_only,P0121.jpg,Ulfix,ulfix,correct
rxhandbd,seed1_ce_only,P0122.jpg,Montelon,Montelon,correct
rxhandbd,seed1_ce_only,P0123.jpg,Ezylife,Ezylife,correct
rxhandbd,seed1_ce_only,P0124.jpg,TRD Couture,Anustat ofnfruit,hallucination_far_off
rxhandbd,seed1_ce_only,P0125.jpg,Turboclav,tuzbodav,hallucination_far_off
rxhandbd,seed1_ce_only,P0126.jpg,Esotid,esotid,correct
rxhandbd,seed1_ce_only,P0127.jpg,Nortum,norium,confusable_wrong_drug
rxhandbd,seed1_ce_only,P0128.jpg,Rupa,Rupa,correct
rxhandbd,seed1_ce_only,P0129.jpg,Montelon,Montelum,minor_ocr_noise
rxhandbd,seed1_ce_only,P0130.jpg,Napa one,Napa one,correct
rxhandbd,seed1_ce_only,P0131.jpg,Apeelo,apeclo,confusable_wrong_drug
rxhandbd,seed1_ce_only,P0132.jpg,Prestal,Prestel,confusable_wrong_drug
rxhandbd,seed1_ce_only,P0133.jpg,Cidex,cider,minor_ocr_noise
rxhandbd,seed1_ce_only,P0134.jpg,Etorix,Etorin,minor_ocr_noise
rxhandbd,seed1_ce_only,P0135.jpg,Esohil,eschil,minor_ocr_noise
rxhandbd,seed1_ce_only,P0136.jpg,Napa one,Reservix-SR,hallucination_far_off
rxhandbd,seed1_ce_only,P0137.jpg,Nexe,Nexc,confusable_wrong_drug
rxhandbd,seed1_ce_only,P0138.jpg,Montelon,balmax,hallucination_far_off
rxhandbd,seed1_ce_only,P0139.jpg,Scluprud,Salupred,minor_ocr_noise
rxhandbd,seed1_ce_only,P0140.jpg,Synogen,synogen,correct
rxhandbd,seed1_ce_only,P0141.jpg,Indever,Indevon,minor_ocr_noise
rxhandbd,seed1_ce_only,P0142.jpg,Xyflo,Xyflo,correct
rxhandbd,seed1_ce_only,P0143.jpg,Bilaxe,bilaxe,correct
rxhandbd,seed1_ce_only,P0144.jpg,Dexnaaf,Pexinaf,hallucination_far_off
rxhandbd,seed1_ce_only,P0145.jpg,Xiva,Xiva,correct
rxhandbd,seed1_ce_only,P0146.jpg,Tuspel,Tuspel,correct
rxhandbd,seed1_ce_only,P0147.jpg,Clavutil,clavutil,correct
rxhandbd,seed1_ce_only,P0148.jpg,TRD Couture,Trdcontine,hallucination_far_off
rxhandbd,seed1_ce_only,P0149.jpg,Merthomol,Metronol,hallucination_far_off
rxhandbd,seed1_ce_only,P0150.jpg,Synogen,Cordalcal,hallucination_far_off
rxhandbd,seed1_ce_only,P0151.jpg,Neurou,Neuron,minor_ocr_noise
rxhandbd,seed1_ce_only,P0152.jpg,Trypt,ryptin,hallucination_far_off
rxhandbd,seed1_ce_only,P0153.jpg,Tuspel,Zo. oneeps,hallucination_far_off
rxhandbd,seed1_ce_only,P0154.jpg,Methox,metax,hallucination_far_off
rxhandbd,seed1_ce_only,P0155.jpg,Follison,Folliscu,minor_ocr_noise
rxhandbd,seed1_ce_only,P0156.jpg,Bilaxe,pulfiloo,hallucination_far_off
rxhandbd,seed1_ce_only,P0157.jpg,Trilock,Trilock,correct
rxhandbd,seed1_ce_only,P0158.jpg,Rifagut,Bexibol F Bexicep,hallucination_far_off
rxhandbd,seed1_ce_only,P0159.jpg,Costan,Cortan,confusable_wrong_drug
rxhandbd,seed1_ce_only,P0160.jpg,Levox,tevox,confusable_wrong_drug
rxhandbd,seed1_ce_only,P0161.jpg,Cortan,Nexe mups,other_wrong_real_word
rxhandbd,seed1_ce_only,P0162.jpg,Limbix,limbix,correct
rxhandbd,seed1_ce_only,P0163.jpg,Indever,Indareva,hallucination_far_off
rxhandbd,seed1_ce_only,P0164.jpg,Xyflo,Zo-mups,other_wrong_real_word
rxhandbd,seed1_ce_only,P0165.jpg,Bilaxe,merdau,hallucination_far_off
rxhandbd,seed1_ce_only,P0166.jpg,Beklo,Beklo,correct
rxhandbd,seed1_ce_only,P0167.jpg,Coragen-D,Coragen-D,correct
rxhandbd,seed1_ce_only,P0168.jpg,TRD Coutine,Tfd Cutine,minor_ocr_noise
rxhandbd,seed1_ce_only,P0169.jpg,prelics CR,poelix,hallucination_far_off
rxhandbd,seed1_ce_only,P0170.jpg,Cortan,Cortan,correct
rxhandbd,seed1_ce_only,P0171.jpg,Trilock,Trilock,correct
rxhandbd,seed1_ce_only,P0172.jpg,Brezofil,boezofil,minor_ocr_noise
rxhandbd,seed1_ce_only,P0173.jpg,Dinovo,Nexe mups,other_wrong_real_word
rxhandbd,seed1_ce_only,P0174.jpg,Nexemig,suppu voltaliy,hallucination_far_off
rxhandbd,seed1_ce_only,P0175.jpg,Elodep,elodep,correct
rxhandbd,seed1_ce_only,P0176.jpg,Rifagut,Rifagur,minor_ocr_noise
rxhandbd,seed1_ce_only,P0177.jpg,Itoklav,tokinepo,hallucination_far_off
rxhandbd,seed1_ce_only,P0178.jpg,Coragen-D,ursodil,hallucination_far_off
rxhandbd,seed1_ce_only,P0179.jpg,Clavutil,Nexe onexpro,hallucination_far_off
rxhandbd,seed1_ce_only,P0180.jpg,ALOS,acos,minor_ocr_noise
rxhandbd,seed1_ce_only,P0181.jpg,Cortan,Cootax,hallucination_far_off
rxhandbd,seed1_ce_only,P0182.jpg,Bilax,Bilau,confusable_wrong_drug
rxhandbd,seed1_ce_only,P0183.jpg,Trilock,Trilocin,minor_ocr_noise
rxhandbd,seed1_ce_only,P0184.jpg,Nexum Mups,Nexe mups,confusable_wrong_drug
rxhandbd,seed1_ce_only,P0185.jpg,ocof,Ocof,correct
rxhandbd,seed1_ce_only,P0186.jpg,Dinovo,dinovo,correct
rxhandbd,seed1_ce_only,P0187.jpg,Nexemig,Neuroig,hallucination_far_off
rxhandbd,seed1_ce_only,P0188.jpg,Coragen-D,coragen-D,correct
rxhandbd,seed1_ce_only,P0189.jpg,Neuroxen,Neuroxen,correct
rxhandbd,seed1_ce_only,P0190.jpg,Rosuva,Zomepro,hallucination_far_off
rxhandbd,seed1_ce_only,P0191.jpg,Termitan,Tintatatat,hallucination_far_off
rxhandbd,seed1_ce_only,P0192.jpg,Limtab,Duollock bifo,hallucination_far_off
rxhandbd,seed1_ce_only,P0193.jpg,Nexum Mups,Cildip,other_wrong_real_word
rxhandbd,seed1_ce_only,P0194.jpg,Limbix,limbix,correct
rxhandbd,seed1_ce_only,P0195.jpg,Indever,Indarevio,hallucination_far_off
rxhandbd,seed1_ce_only,P0196.jpg,Zo.mups,Zo-mups,correct
rxhandbd,seed1_ce_only,P0197.jpg,Mervax,merdan,hallucination_far_off
rxhandbd,seed1_ce_only,P0198.jpg,Beklo,Bekio,minor_ocr_noise
rxhandbd,seed1_ce_only,P0199.jpg,Coragen-D,coragen-D,correct
rxhandbd,seed1_ce_only,P0200.jpg,Clavutil,clavutil,correct
rxhandbd,seed1_ce_only,P0201.jpg,Trilock,Trilock,correct
rxhandbd,seed1_ce_only,P0202.jpg,Brezofil,Brezofil,correct
rxhandbd,seed1_ce_only,P0203.jpg,Beklo,Bekio,minor_ocr_noise
rxhandbd,seed1_ce_only,P0204.jpg,Rifagut,Rifagut,correct
rxhandbd,seed1_ce_only,P0205.jpg,Zo.mups,Zoonups,minor_ocr_noise
rxhandbd,seed1_ce_only,P0206.jpg,Ecosprin Plus,Cosporin plus,minor_ocr_noise
rxhandbd,seed1_ce_only,P0207.jpg,Rosuva,Rosova,minor_ocr_noise
rxhandbd,seed1_ce_only,P0208.jpg,Termitan,Telmitan,minor_ocr_noise
rxhandbd,seed1_ce_only,P0209.jpg,Limtab,linatab,confusable_wrong_drug
rxhandbd,seed1_ce_only,P0210.jpg,Nexum Mups,Dexempro,hallucination_far_off
rxhandbd,seed1_ce_only,P0211.jpg,Clavutil,clavutil,correct
rxhandbd,seed1_ce_only,P0212.jpg,Zolfin,Zolfin,correct
rxhandbd,seed1_ce_only,P0213.jpg,Beklo,Beklo,correct
rxhandbd,seed1_ce_only,P0214.jpg,Zo.mups,Zomups,minor_ocr_noise
rxhandbd,seed1_ce_only,P0215.jpg,Neuroxen,Neuroxen,correct
rxhandbd,seed1_ce_only,P0216.jpg,TRD Coutine,Trd Coutine,correct
rxhandbd,seed1_ce_only,P0217.jpg,Methomol,metaxol,hallucination_far_off
rxhandbd,seed1_ce_only,P0218.jpg,Neuroxen,Neuroxen,correct
rxhandbd,seed1_ce_only,P0219.jpg,Cor algen-D,Corngen-D,minor_ocr_noise
rxhandbd,seed1_ce_only,P0220.jpg,DDR,DR 3D,hallucination_far_off
rxhandbd,seed1_ce_only,P0221.jpg,Elodep,elodep,correct
rxhandbd,seed1_ce_only,P0222.jpg,Itokine,Itokine,correct
rxhandbd,seed1_ce_only,P0223.jpg,Neuming,Neurovig,hallucination_far_off
rxhandbd,seed1_ce_only,P0224.jpg,Rivotril,Rivotril,correct
rxhandbd,seed1_ce_only,P0225.jpg,Duoblock,Duoblock,correct
rxhandbd,seed1_ce_only,P0226.jpg,Nexum Mups,Nexe mups,confusable_wrong_drug
rxhandbd,seed1_ce_only,P0227.jpg,Clavutil,clavutil,correct
rxhandbd,seed1_ce_only,P0228.jpg,Itokine,Itokine,correct
rxhandbd,seed1_ce_only,P0229.jpg,Cinaron,Cinaroy,minor_ocr_noise
rxhandbd,seed1_ce_only,P0230.jpg,Zo.mups,Zo-mups,correct
rxhandbd,seed1_ce_only,P0231.jpg,Atoz,atoz porovium,hallucination_far_off
rxhandbd,seed1_ce_only,P0232.jpg,Sup. Apelz,Superceptin,hallucination_far_off
rxhandbd,seed1_ce_only,P0233.jpg,TRD Coutine,Trd Coutine,correct
rxhandbd,seed1_ce_only,P0234.jpg,Beklo,bekio,minor_ocr_noise
rxhandbd,seed1_ce_only,P0235.jpg,Coralgue D,Coral gene,hallucination_far_off
rxhandbd,seed1_ce_only,P0236.jpg,Zo.mups,Zo-me,hallucination_far_off
rxhandbd,seed1_ce_only,P0237.jpg,Ancor,Ancor,correct
rxhandbd,seed1_ce_only,P0238.jpg,Itolcive,Itolcine,minor_ocr_noise
rxhandbd,seed1_ce_only,P0239.jpg,Zolfin,Zolfin,correct
rxhandbd,seed1_ce_only,P0240.jpg,Coralgue D,coragen-D,confusable_wrong_drug
rxhandbd,seed1_ce_only,P0241.jpg,Trilock,Trilocxid,hallucination_far_off
rxhandbd,seed1_ce_only,P0242.jpg,Zo.mups,Zw-nunfo,hallucination_far_off
rxhandbd,seed1_ce_only,P0243.jpg,Levox,tevox,confusable_wrong_drug
rxhandbd,seed1_ce_only,P0244.jpg,Bilan,Bilau,confusable_wrong_drug
rxhandbd,seed1_ce_only,P0245.jpg,Trilock,Trilock,correct
rxhandbd,seed1_ce_only,P0246.jpg,Ambrox,ambrox,correct
rxhandbd,seed1_ce_only,P0247.jpg,Nexum Mups,nexo Onepro-D,hallucination_far_off
rxhandbd,seed1_ce_only,P0248.jpg,Texit,texit,correct
rxhandbd,seed1_ce_only,P0249.jpg,Esomand,esomax,confusable_wrong_drug
rxhandbd,seed1_ce_only,P0250.jpg,Rolac,rolex,hallucination_far_off
rxhandbd,seed1_ce_only,P0251.jpg,Max dol,maxdup,hallucination_far_off
rxhandbd,seed1_ce_only,P0252.jpg,Bromen,bionen,hallucination_far_off
rxhandbd,seed1_ce_only,P0253.jpg,Nexum Mups,nexemups,minor_ocr_noise
rxhandbd,seed1_ce_only,P0254.jpg,Macrobac,Macrobae,minor_ocr_noise
rxhandbd,seed1_ce_only,P0255.jpg,Periodontitis,Periodontis,minor_ocr_noise
rxhandbd,seed1_ce_only,P0256.jpg,clavutil,clavintil,minor_ocr_noise
rxhandbd,seed1_ce_only,P0257.jpg,Esover,esomer,minor_ocr_noise
rxhandbd,seed1_ce_only,P0258.jpg,Rolac,metz,hallucination_far_off
rxhandbd,seed1_ce_only,P0259.jpg,Lestarin,Lestarin,correct
rxhandbd,seed1_ce_only,P0260.jpg,clavutil,ceavintil,hallucination_far_off
rxhandbd,seed1_ce_only,P0261.jpg,Esmax,esman,minor_ocr_noise
rxhandbd,seed1_ce_only,P0262.jpg,Renova,removil,hallucination_far_off
rxhandbd,seed1_ce_only,P0263.jpg,Maxsulin,Toxit (,hallucination_far_off
rxhandbd,seed1_ce_only,P0264.jpg,Brezofil,boracil,hallucination_far_off
rxhandbd,seed1_ce_only,P0265.jpg,Adovas,actoras,hallucination_far_off
rxhandbd,seed1_ce_only,P0266.jpg,Monfast,furovi,hallucination_far_off
rxhandbd,seed1_ce_only,P0267.jpg,Texit,texit,correct
rxhandbd,seed1_ce_only,P0268.jpg,Esover,esoven,minor_ocr_noise
rxhandbd,seed1_ce_only,P0269.jpg,Fixcef Plus,fixcef plus,correct
rxhandbd,seed1_ce_only,P0270.jpg,Nexum Mups,Nexe mups,confusable_wrong_drug
rxhandbd,seed1_ce_only,P0271.jpg,Texit,texit,correct
rxhandbd,seed1_ce_only,P0272.jpg,Alfix,alafix,confusable_wrong_drug
rxhandbd,seed1_ce_only,P0273.jpg,Monfast,monfast,correct
rxhandbd,seed1_ce_only,P0274.jpg,Neopenem,Neopenem,correct
rxhandbd,seed1_ce_only,P0275.jpg,Dexter,pexe,hallucination_far_off
rxhandbd,seed1_ce_only,P0276.jpg,Emprelina,empalina,minor_ocr_noise
rxhandbd,seed1_ce_only,P0277.jpg,Maxsulin,mexulin,minor_ocr_noise
rxhandbd,seed1_ce_only,P0278.jpg,Rolip,Rolip,correct
rxhandbd,seed1_ce_only,P0279.jpg,Clonapex,clonapex,correct
rxhandbd,seed1_ce_only,P0280.jpg,Denvar,denvar,correct
rxhandbd,seed1_ce_only,P0281.jpg,Nexe,Nexe,correct
rxhandbd,seed1_ce_only,P0282.jpg,Flux,flux,correct
rxhandbd,seed1_ce_only,P0283.jpg,Filmet,filmet,correct
rxhandbd,seed1_ce_only,P0284.jpg,??r??,torax,other_wrong_real_word
rxhandbd,seed1_ce_only,P0285.jpg,??r??,torax,other_wrong_real_word
rxhandbd,seed1_ce_only,P0286.jpg,Fixgut,firegut,minor_ocr_noise
rxhandbd,seed1_ce_only,P0287.jpg,Clonapex,clonapex,correct
rxhandbd,seed1_ce_only,P0288.jpg,Ceevit,ceevit,correct
rxhandbd,seed1_ce_only,P0289.jpg,Rafino Forte,ratinol Forte,confusable_wrong_drug
rxhandbd,seed1_ce_only,P0290.jpg,Voltalin,Voptalin,minor_ocr_noise
rxhandbd,seed1_ce_only,P0291.jpg,BONID,Bonid,correct
rxhandbd,seed1_ce_only,P0292.jpg,Avolac,fertse,hallucination_far_off
rxhandbd,seed1_ce_only,P0293.jpg,Xinc B,xinc b,correct
rxhandbd,seed1_ce_only,P0294.jpg,Nexum Mups,Meracealups,hallucination_far_off
rxhandbd,seed1_ce_only,P0295.jpg,Texit,texit,correct
rxhandbd,seed1_ce_only,P0296.jpg,Fixgut,Cecinox,hallucination_far_off
rxhandbd,seed1_ce_only,P0297.jpg,Nexe,nexe,correct
rxhandbd,seed1_ce_only,P0298.jpg,Alc,al,hallucination_far_off
rxhandbd,seed1_ce_only,P0299.jpg,Indo,Indo,correct
rxhandbd,seed1_ce_only,P0300.jpg,Nexe,Nexe,correct
rxhandbd,seed1_ce_only,P0301.jpg,Seko,Seko,correct
rxhandbd,seed1_ce_only,P0302.jpg,Nexe,Naxc,hallucination_far_off
rxhandbd,seed1_ce_only,P0303.jpg,Zolivox,Zolivox,correct
rxhandbd,seed1_ce_only,P0304.jpg,Renova,remona,hallucination_far_off
rxhandbd,seed1_ce_only,P0305.jpg,Fixgut,fixgut,correct
rxhandbd,seed1_ce_only,P0306.jpg,Alcet,alcet,correct
rxhandbd,seed1_ce_only,P0307.jpg,Spilac,spilac,correct
rxhandbd,seed1_ce_only,P0308.jpg,Avolac,avolac,correct
rxhandbd,seed1_ce_only,P0309.jpg,Abicon,abican,minor_ocr_noise
rxhandbd,seed1_ce_only,P0310.jpg,Xyflo,Xyflo,correct
rxhandbd,seed1_ce_only,P0311.jpg,Kindial-D,kindful-D,minor_ocr_noise
rxhandbd,seed1_ce_only,P0312.jpg,Hemofir FZ,hemafir FZ,minor_ocr_noise
rxhandbd,seed1_ce_only,P0313.jpg,Brodin,Brodin,correct
rxhandbd,seed1_ce_only,P0314.jpg,Gestrenol,Crestrenol,minor_ocr_noise
rxhandbd,seed1_ce_only,P0315.jpg,Feup,feup,correct
rxhandbd,seed1_ce_only,P0316.jpg,Ossica,osisca,hallucination_far_off
rxhandbd,seed1_ce_only,P0317.jpg,Esohil,eschil,minor_ocr_noise
rxhandbd,seed1_ce_only,P0318.jpg,Bilaxe,bilaxe,correct
rxhandbd,seed1_ce_only,P0319.jpg,mixit,Mixit,correct
rxhandbd,seed1_ce_only,P0320.jpg,Vonocab,Vonocab,correct
rxhandbd,seed1_ce_only,P0321.jpg,Itogut,Itogut,correct
rxhandbd,seed1_ce_only,P0322.jpg,Syrup,Syrup,correct
rxhandbd,seed1_ce_only,P0323.jpg,Etorix,Eforix,minor_ocr_noise
rxhandbd,seed1_ce_only,P0324.jpg,Ezytake,Ezytake,correct
rxhandbd,seed1_ce_only,P0325.jpg,Bilaxe,bilaxe,correct
rxhandbd,seed1_ce_only,P0326.jpg,Palonron,Paloron,minor_ocr_noise
rxhandbd,seed1_ce_only,P0327.jpg,Vonocab,vonocab,correct
rxhandbd,seed1_ce_only,P0328.jpg,kinate,Kinate,correct
rxhandbd,seed1_ce_only,P0329.jpg,Gintabac,Centabac,minor_ocr_noise
rxhandbd,seed1_ce_only,P0330.jpg,Tuspel,Tuspel,correct
rxhandbd,seed1_ce_only,P0331.jpg,Telmocal,Telmacal,confusable_wrong_drug
rxhandbd,seed1_ce_only,P0332.jpg,mixit,mixit,correct
rxhandbd,seed1_ce_only,P0333.jpg,Rodiflex,radiflex,confusable_wrong_drug
rxhandbd,seed1_ce_only,P0334.jpg,Napxon,Nupxon,minor_ocr_noise
rxhandbd,seed1_ce_only,P0335.jpg,Dexnaaf,dexraaf,minor_ocr_noise
rxhandbd,seed1_ce_only,P0336.jpg,Bilaxe,bilaxe,correct
rxhandbd,seed1_ce_only,P0337.jpg,Esohil,eschil,minor_ocr_noise
rxhandbd,seed1_ce_only,P0338.jpg,Vonocab,vonoeab,minor_ocr_noise
rxhandbd,seed1_ce_only,P0339.jpg,Ruchigold,Ruehigold,minor_ocr_noise
rxhandbd,seed1_ce_only,P0340.jpg,Ciponaal,Cipronacf,hallucination_far_off
rxhandbd,seed1_ce_only,P0341.jpg,Azibact,azibact,correct
rxhandbd,seed1_ce_only,P0342.jpg,Vonocab,vonocab,correct
rxhandbd,seed1_ce_only,P0343.jpg,Eylox,eylox,correct
rxhandbd,seed1_ce_only,P0344.jpg,Montelon,Montelon,correct
rxhandbd,seed1_ce_only,P0345.jpg,Napa,Napa,correct
rxhandbd,seed1_ce_only,P0346.jpg,Neopem,Neopen,minor_ocr_noise
rxhandbd,seed1_ce_only,P0347.jpg,Napxon,Nopxon,confusable_wrong_drug
rxhandbd,seed1_ce_only,P0348.jpg,Xiva,Xiva,correct
rxhandbd,seed1_ce_only,P0349.jpg,xyflo,Xyflo,correct
rxhandbd,seed1_ce_only,P0350.jpg,Esohil,eschil,minor_ocr_noise
rxhandbd,seed1_ce_only,P0351.jpg,Kinate,Kinate,correct
rxhandbd,seed1_ce_only,P0352.jpg,Alben,alben,correct
rxhandbd,seed1_ce_only,P0353.jpg,Bilaxe,bilaxe,correct
rxhandbd,seed1_ce_only,P0354.jpg,Vonocab,Vomo cab,minor_ocr_noise
rxhandbd,seed1_ce_only,P0355.jpg,Sponocid,Spinorid,minor_ocr_noise
rxhandbd,seed1_ce_only,P0356.jpg,Texit,texit,correct
rxhandbd,seed1_ce_only,P0357.jpg,Katomor,Ketoman,hallucination_far_off
rxhandbd,seed1_ce_only,P0358.jpg,Purtisol,peltical,hallucination_far_off
rxhandbd,seed1_ce_only,P0359.jpg,Monas,monas,correct
rxhandbd,seed1_ce_only,P0360.jpg,Normant,Normanal,confusable_wrong_drug
rxhandbd,seed1_ce_only,P0361.jpg,Loxodol,Loxodol,correct
rxhandbd,seed1_ce_only,P0362.jpg,Nexe,Nexe,correct
rxhandbd,seed1_ce_only,P0363.jpg,Vonocab,Eriaxcal,hallucination_far_off
rxhandbd,seed1_ce_only,P0364.jpg,Avolac,Avolac,correct
rxhandbd,seed1_ce_only,P0365.jpg,Apeclo,modin sodium,hallucination_far_off
rxhandbd,seed1_ce_only,P0366.jpg,Prestel,Prestel,correct
rxhandbd,seed1_ce_only,P0367.jpg,Cinamycin,Cinamycin,correct
rxhandbd,seed1_ce_only,P0368.jpg,Flamex,flamex,correct
rxhandbd,seed1_ce_only,P0369.jpg,Nexpro,Nexpro,correct
rxhandbd,seed1_ce_only,P0370.jpg,Ezytake,ezytake,correct
rxhandbd,seed1_ce_only,P0371.jpg,Anustat,Anustat,correct
rxhandbd,seed1_ce_only,P0372.jpg,Telmacal,telmacal,correct
rxhandbd,seed1_ce_only,P0373.jpg,Coralcal,coralcal,correct
rxhandbd,seed1_ce_only,P0374.jpg,Apeclo,apeclo,correct
rxhandbd,seed1_ce_only,P0375.jpg,Myolax,myolax,correct
rxhandbd,seed1_ce_only,P0376.jpg,Dexnaaf,dexnaaf,correct
rxhandbd,seed1_ce_only,P0377.jpg,Raditil,radifil,confusable_wrong_drug
rxhandbd,seed1_ce_only,P0378.jpg,Apeclo,apeclo,correct
rxhandbd,seed1_ce_only,P0379.jpg,Myolax,myolax,correct
rxhandbd,seed1_ce_only,P0380.jpg,Decoral,decoral,correct
rxhandbd,seed1_ce_only,P0381.jpg,Vonocab,vonocab,correct
rxhandbd,seed1_ce_only,P0382.jpg,Fylox,Fylox,correct
rxhandbd,seed1_ce_only,P0383.jpg,Montelon,Montelon,correct
rxhandbd,seed1_ce_only,P0384.jpg,Bilaxe,bilaxe,correct
rxhandbd,seed1_ce_only,P0385.jpg,Dexila,Dexila,correct
rxhandbd,seed1_ce_only,P0386.jpg,Dexnaaf,dexnaf,minor_ocr_noise
rxhandbd,seed1_ce_only,P0387.jpg,Napxon,Napxon,correct
rxhandbd,seed1_ce_only,P0388.jpg,Apeclo,a peclo,minor_ocr_noise
rxhandbd,seed1_ce_only,P0389.jpg,Nexpro,Nexpro,correct
rxhandbd,seed1_ce_only,P0390.jpg,Bilaxe,bilaxe,correct
rxhandbd,seed1_ce_only,P0391.jpg,Rostil,Rostil,correct
rxhandbd,seed1_ce_only,P0392.jpg,Bionic,bionie,minor_ocr_noise
rxhandbd,seed1_ce_only,P0393.jpg,Napa,Napa,correct
rxhandbd,seed1_ce_only,P0394.jpg,Prestel,Prester,minor_ocr_noise
rxhandbd,seed1_ce_only,P0395.jpg,Tajenta,Tajenta,correct
rxhandbd,seed1_ce_only,P0396.jpg,Ecosprin,ecosprin,correct
rxhandbd,seed1_ce_only,P0397.jpg,Mixit,Mixit,correct
rxhandbd,seed1_ce_only,P0398.jpg,Medragust,Medragust,correct
rxhandbd,seed1_ce_only,P0399.jpg,Dexnaat,dexnaf,minor_ocr_noise
rxhandbd,seed1_ce_only,P0400.jpg,Tojenta,Tajenta,confusable_wrong_drug
rxhandbd,seed1_ce_only,P0401.jpg,Diaryl,Diacyl,minor_ocr_noise
rxhandbd,seed1_ce_only,P0402.jpg,Tarlica,Tarlica,correct
rxhandbd,seed1_ce_only,P0403.jpg,Raditil,radifil,confusable_wrong_drug
rxhandbd,seed1_ce_only,P0404.jpg,Fylox,eylox,confusable_wrong_drug
rxhandbd,seed1_ce_only,P0405.jpg,Bilaxe,bilaxe,correct
rxhandbd,seed1_ce_only,P0406.jpg,Dexnaaf,dexnacf,minor_ocr_noise
rxhandbd,seed1_ce_only,P0407.jpg,myolax,myolax,correct
rxhandbd,seed1_ce_only,P0408.jpg,Raditil,raditil,correct
rxhandbd,seed1_ce_only,P0409.jpg,Montelon,Montelon,correct
rxhandbd,seed1_ce_only,P0410.jpg,Dexnaaf,dexnouf,minor_ocr_noise
rxhandbd,seed1_ce_only,P0411.jpg,Apeclo,apeclo,correct
rxhandbd,seed1_ce_only,P0412.jpg,Nebanol,Nebanol,correct
rxhandbd,seed1_ce_only,P0413.jpg,Prestel,prostel,minor_ocr_noise
rxhandbd,seed1_ce_only,P0414.jpg,Gestirenol,Gestrenol,confusable_wrong_drug
rxhandbd,seed1_ce_only,P0415.jpg,Coraleal,coraleal,correct
rxhandbd,seed1_ce_only,P0416.jpg,Orofer,orofer,correct
rxhandbd,seed1_ce_only,P0417.jpg,Dexnaaf,dexnaf,minor_ocr_noise
rxhandbd,seed1_ce_only,P0418.jpg,Xyflo,Xyflo,correct
rxhandbd,seed1_ce_only,P0419.jpg,Bilaxe,bilaxe,correct
rxhandbd,seed1_ce_only,P0420.jpg,Utifos,vifos,hallucination_far_off
rxhandbd,seed1_ce_only,P0421.jpg,Elodep,elodep,correct
rxhandbd,seed1_ce_only,P0422.jpg,Tryptin,Tryptin,correct
rxhandbd,seed1_ce_only,P0423.jpg,Itokine,stokine,minor_ocr_noise
rxhandbd,seed1_ce_only,P0424.jpg,Atoz,atoz premium,hallucination_far_off
rxhandbd,seed1_ce_only,P0425.jpg,Nexum Mups,Nexe mups,confusable_wrong_drug
rxhandbd,seed1_ce_only,P0426.jpg,Clavutil,clavutil,correct
rxhandbd,seed1_ce_only,P0427.jpg,Bilau,Bilau,correct
rxhandbd,seed1_ce_only,P0428.jpg,Trilock,Trilodx,minor_ocr_noise
rxhandbd,seed1_ce_only,P0429.jpg,ocof,Ocof,correct
rxhandbd,seed1_ce_only,P0430.jpg,Cortan,costan,confusable_wrong_drug
rxhandbd,seed1_ce_only,P0431.jpg,Ecosprin,6cospsin,minor_ocr_noise
rxhandbd,seed1_ce_only,P0432.jpg,Rosuva,Rosuva,correct
rxhandbd,seed1_ce_only,P0433.jpg,Telmidip,Termidip,minor_ocr_noise
rxhandbd,seed1_ce_only,P0434.jpg,Zo.mups,Zo-mups,correct
rxhandbd,seed1_ce_only,P0435.jpg,Levox,tevox,confusable_wrong_drug
rxhandbd,seed1_ce_only,P0436.jpg,Bilau,Bilau,correct
rxhandbd,seed1_ce_only,P0437.jpg,Trilock,Trilod,minor_ocr_noise
rxhandbd,seed1_ce_only,P0438.jpg,Brezofil,boezofil,minor_ocr_noise
rxhandbd,seed1_ce_only,P0439.jpg,Ambrox,ambrox,correct
rxhandbd,seed1_ce_only,P0440.jpg,Telmidip,telmidip,correct
rxhandbd,seed1_ce_only,P0441.jpg,Nexe,Nexe,correct
rxhandbd,seed1_ce_only,P0442.jpg,Bilau,Hasmfix,hallucination_far_off
rxhandbd,seed1_ce_only,P0443.jpg,Itokine,Itolcine,minor_ocr_noise
rxhandbd,seed1_ce_only,P0444.jpg,Nexum Mups,Nexe mups,confusable_wrong_drug
rxhandbd,seed1_ce_only,P0445.jpg,Brodil,Breodil,minor_ocr_noise
rxhandbd,seed1_ce_only,P0446.jpg,Bilaxe,bilaxe,correct
rxhandbd,seed1_ce_only,P0447.jpg,pantonix,Pantomix,minor_ocr_noise
rxhandbd,seed1_ce_only,P0448.jpg,Bilaxe,gaps-D,hallucination_far_off
rxhandbd,seed1_ce_only,P0449.jpg,Tigover,Tigover,correct
rxhandbd,seed1_ce_only,P0450.jpg,Raditril,raditril,correct
rxhandbd,seed1_ce_only,P0451.jpg,melpred,Melpred,correct
rxhandbd,seed1_ce_only,P0452.jpg,Esohil,eschil,minor_ocr_noise
rxhandbd,seed1_ce_only,P0453.jpg,Apeelo,apelo,minor_ocr_noise
rxhandbd,seed1_ce_only,P0454.jpg,Telmiaip,telmidip,confusable_wrong_drug
rxhandbd,seed1_ce_only,P0455.jpg,Rivo,ardance,hallucination_far_off
rxhandbd,seed1_ce_only,P0456.jpg,Bilaxe,bilaxe,correct
rxhandbd,seed1_ce_only,P0457.jpg,Napa,Napa,correct
rxhandbd,seed1_ce_only,P0458.jpg,xyflo,Zylo,hallucination_far_off
rxhandbd,seed1_ce_only,P0459.jpg,Tuspel,Tuspel,correct
rxhandbd,seed1_ce_only,P0460.jpg,Esohil,eschil,minor_ocr_noise
rxhandbd,seed1_ce_only,P0461.jpg,Rivo,rivo,correct
rxhandbd,seed1_ce_only,P0462.jpg,Adora,pioxa,hallucination_far_off
rxhandbd,seed1_ce_only,P0463.jpg,Nexe,Nexe,correct
rxhandbd,seed1_ce_only,P0464.jpg,Ligazid,ligazod,minor_ocr_noise
rxhandbd,seed1_ce_only,P0465.jpg,Telmiva,telmiva,correct
rxhandbd,seed1_ce_only,P0466.jpg,Furotil,furatin,minor_ocr_noise
rxhandbd,seed1_ce_only,P0467.jpg,Alatol,alatsol,minor_ocr_noise
rxhandbd,seed1_ce_only,P0468.jpg,Coralcal,Consred,hallucination_far_off
rxhandbd,seed1_ce_only,P0469.jpg,Nexe,Nexe,correct
rxhandbd,seed1_ce_only,P0470.jpg,Itokine,Itolcine,minor_ocr_noise
rxhandbd,seed1_ce_only,P0471.jpg,Tryptin,Tryptin,correct
rxhandbd,seed1_ce_only,P0472.jpg,Nexe mups,Nexe mups,correct
rxhandbd,seed1_ce_only,P0473.jpg,Duoblock,Duoloek,minor_ocr_noise
rxhandbd,seed1_ce_only,P0474.jpg,Inderal,Indorex,hallucination_far_off
rxhandbd,seed1_ce_only,P0475.jpg,Coralcal,coxalcal,minor_ocr_noise
rxhandbd,seed1_ce_only,P0476.jpg,Bilaxe,bilaxe,correct
rxhandbd,seed1_ce_only,P0477.jpg,Vonocab,Vonocab,correct
rxhandbd,seed1_ce_only,P0478.jpg,Gavinaaf,Govinacf,minor_ocr_noise
rxhandbd,seed1_ce_only,P0479.jpg,Rhinomist,rhinamist,minor_ocr_noise
rxhandbd,seed1_ce_only,P0480.jpg,Nopxon,Nopxon,correct
rxhandbd,seed1_ce_only,P0481.jpg,Carticare,Particare,minor_ocr_noise
rxhandbd,seed1_ce_only,P0482.jpg,Vonocab,vonoeab,minor_ocr_noise
rxhandbd,seed1_ce_only,P0483.jpg,Bilaxe,bilaxe,correct
rxhandbd,seed1_ce_only,P0484.jpg,Raditil,raditil,correct
rxhandbd,seed1_ce_only,P0485.jpg,Ralee,Rulce,hallucination_far_off
rxhandbd,seed1_ce_only,P0486.jpg,Prestel,prestel,correct
rxhandbd,seed1_ce_only,P0487.jpg,Rofixim,Rofixim,correct
rxhandbd,seed1_ce_only,P0488.jpg,Nexpro,Nexpro,correct
rxhandbd,seed1_ce_only,P0489.jpg,Vonorab,vosorab,minor_ocr_noise
rxhandbd,seed1_ce_only,P0490.jpg,kinate,Kinate,correct
rxhandbd,seed1_ce_only,P0491.jpg,Algin,algin,correct
rxhandbd,seed1_ce_only,P0492.jpg,ucrafate,ucrofate,minor_ocr_noise
rxhandbd,seed1_ce_only,P0493.jpg,Gavinaaf,Gavinacf,minor_ocr_noise
rxhandbd,seed1_ce_only,P0494.jpg,Duracef,duracel,minor_ocr_noise
rxhandbd,seed1_ce_only,P0495.jpg,Nexe,Nexe,correct
rxhandbd,seed1_ce_only,P0496.jpg,Fixgul,fixgul,correct
rxhandbd,seed1_ce_only,P0497.jpg,Rolac,Rolac,correct
rxhandbd,seed1_ce_only,P0498.jpg,Napa,Napa,correct
rxhandbd,seed1_ce_only,P0499.jpg,Alcet,alcef,confusable_wrong_drug
rxhandbd,seed1_ce_only,P0500.jpg,Arlin,Arlin,correct
rxhandbd,seed1_ce_only,P0501.jpg,Spilac,spilac,correct
rxhandbd,seed1_ce_only,P0502.jpg,Lactu,Lactu,correct
rxhandbd,seed1_ce_only,P0503.jpg,Nexe mups,Nexemups,minor_ocr_noise
rxhandbd,seed1_ce_only,P0504.jpg,Algin,Algin,correct
rxhandbd,seed1_ce_only,P0505.jpg,Nexpro,Neuro,other_wrong_real_word
rxhandbd,seed1_ce_only,P0506.jpg,Kinate,Kinate,correct
rxhandbd,seed1_ce_only,P0507.jpg,Amilin,amilin,correct
rxhandbd,seed1_ce_only,P0508.jpg,Utromeg,Utromeg,correct
rxhandbd,seed1_ce_only,P0509.jpg,Apeelo,apeclo,confusable_wrong_drug
rxhandbd,seed1_ce_only,P0510.jpg,Prestel,prestel,correct
rxhandbd,seed1_ce_only,P0511.jpg,Fylox,Fylox,correct
rxhandbd,seed1_ce_only,P0512.jpg,Avloclav,avloelav,minor_ocr_noise
rxhandbd,seed1_ce_only,P0513.jpg,Klabid,klabid,correct
rxhandbd,seed1_ce_only,P0514.jpg,Dexila,Dexila,correct
rxhandbd,seed1_ce_only,P0515.jpg,Atozen,atoren,minor_ocr_noise
rxhandbd,seed1_ce_only,P0516.jpg,Napa,Napa,correct
rxhandbd,seed1_ce_only,P0517.jpg,Mixit,mixit,correct
rxhandbd,seed1_ce_only,P0518.jpg,Normens,Normens,correct
rxhandbd,seed1_ce_only,P0519.jpg,Raditil,raditil,correct
rxhandbd,seed1_ce_only,P0520.jpg,Vonocab,vonocab,correct
rxhandbd,seed1_ce_only,P0521.jpg,Furotil Plus,Furo-H1 plus,minor_ocr_noise
rxhandbd,seed1_ce_only,P0522.jpg,Algin,Algin,correct
rxhandbd,seed1_ce_only,P0523.jpg,hemofix,hemofiz,minor_ocr_noise
rxhandbd,seed1_ce_only,P0524.jpg,kindical D,kindical D,correct
rxhandbd,seed1_ce_only,P0525.jpg,Gestrenol,Gestrenol,correct
rxhandbd,seed1_ce_only,P0526.jpg,Feup,Femp,minor_ocr_noise
rxhandbd,seed1_ce_only,P0527.jpg,Cidex,Cidex,correct
rxhandbd,seed1_ce_only,P0528.jpg,Nexpro,Nexpro,correct
rxhandbd,seed1_ce_only,P0529.jpg,Bilaxe,bilaxe,correct
rxhandbd,seed1_ce_only,P0530.jpg,Airmont,airmont,correct
rxhandbd,seed1_ce_only,P0531.jpg,Sardopa,Sardopa,correct
rxhandbd,seed1_ce_only,P0532.jpg,Adovas,Adovas,correct
rxhandbd,seed1_ce_only,P0533.jpg,Normens,Normens,correct
rxhandbd,seed1_ce_only,P0534.jpg,Loxodol,Loxado,minor_ocr_noise
rxhandbd,seed1_ce_only,P0535.jpg,Nexe,nexe,correct
rxhandbd,seed1_ce_only,P0536.jpg,Seko,Seko,correct
rxhandbd,seed1_ce_only,P0537.jpg,Nexe,Nexe,correct
rxhandbd,seed1_ce_only,P0538.jpg,Indo,Indo,correct
rxhandbd,seed1_ce_only,P0539.jpg,Seko,Sek,minor_ocr_noise
rxhandbd,seed1_ce_only,P0540.jpg,Nexe,nexe,correct
rxhandbd,seed1_ce_only,P0541.jpg,Texit,texit,correct
rxhandbd,seed1_ce_only,P0542.jpg,Finix,Inix,minor_ocr_noise
rxhandbd,seed1_ce_only,P0543.jpg,Nexe,Nexe,correct
rxhandbd,seed1_ce_only,P0544.jpg,Seko,seko,correct
rxhandbd,seed1_ce_only,P0545.jpg,Seko,Scko,minor_ocr_noise
rxhandbd,seed1_ce_only,P0546.jpg,Esonix,fromix,hallucination_far_off
rxhandbd,seed1_ce_only,P0547.jpg,K-flex,K- flam,confusable_wrong_drug
rxhandbd,seed1_ce_only,P0548.jpg,herpex,hauiplx,hallucination_far_off
rxhandbd,seed1_ce_only,P0549.jpg,Indo,Indo,correct
rxhandbd,seed1_ce_only,P0550.jpg,Nexe,nexe,correct
rxhandbd,seed1_ce_only,P0551.jpg,Seko,seiko,minor_ocr_noise
rxhandbd,seed1_ce_only,P0552.jpg,Seko,3eko,minor_ocr_noise
rxhandbd,seed1_ce_only,P0553.jpg,Nexe,nexe,correct
rxhandbd,seed1_ce_only,P0554.jpg,Nexe,nexe,correct
rxhandbd,seed1_ce_only,P0555.jpg,Seko,Seko,correct
rxhandbd,seed1_ce_only,P0556.jpg,Indo,Injection,other_wrong_real_word
rxhandbd,seed1_ce_only,P0557.jpg,Nexe,nexe,correct
rxhandbd,seed1_ce_only,P0558.jpg,Arlin,Arlin,correct
rxhandbd,seed1_ce_only,P0559.jpg,Ceevit,coevit,minor_ocr_noise
rxhandbd,seed1_ce_only,P0560.jpg,Dexnaaf,dexnaf,minor_ocr_noise
rxhandbd,seed1_ce_only,P0561.jpg,Bilaxe,bilaxe,correct
rxhandbd,seed1_ce_only,P0562.jpg,Ezytake,Ezytake,correct
rxhandbd,seed1_ce_only,P0563.jpg,viodin,Violin,minor_ocr_noise
rxhandbd,seed1_ce_only,P0564.jpg,Anustat,Anustat,correct
rxhandbd,seed1_ce_only,P0565.jpg,Tryptin,Trioptin,minor_ocr_noise
rxhandbd,seed1_ce_only,P0566.jpg,Montelon,Monteln,minor_ocr_noise
rxhandbd,seed1_ce_only,P0567.jpg,Lyric,Lyril,minor_ocr_noise
rxhandbd,seed1_ce_only,P0568.jpg,Dextac,dextac,correct
rxhandbd,seed1_ce_only,P0569.jpg,Flexi,flexi,correct
rxhandbd,seed1_ce_only,P0570.jpg,Beklo,Beklo,correct
rxhandbd,seed1_ce_only,P0571.jpg,Xiva,Xiva,correct
rxhandbd,seed1_ce_only,P0572.jpg,Xyflo,Xyfto,minor_ocr_noise
rxhandbd,seed1_ce_only,P0573.jpg,Bilaxe,bilaxe,correct
rxhandbd,seed1_ce_only,P0574.jpg,Dexnaaf,Devinacf,hallucination_far_off
rxhandbd,seed1_ce_only,P0575.jpg,Frenxit,Frenxit,correct
rxhandbd,seed1_ce_only,P0576.jpg,Bexitrol,Bexifrol,minor_ocr_noise
rxhandbd,seed1_ce_only,P0577.jpg,Methicap,methicap,correct
rxhandbd,seed1_ce_only,P0578.jpg,Cefotil,Cefotil,correct
rxhandbd,seed1_ce_only,P0579.jpg,Nexe,nexe,correct
rxhandbd,seed1_ce_only,P0580.jpg,HPR DS,h-pr-Ds,minor_ocr_noise
rxhandbd,seed1_ce_only,P0581.jpg,Fixocard,fixocated,minor_ocr_noise
rxhandbd,seed1_ce_only,P0582.jpg,Telmacal,telmacal,correct
rxhandbd,seed1_ce_only,P0583.jpg,Tajenta,Tajenta,correct
rxhandbd,seed1_ce_only,P0584.jpg,Diaryl,Diaryl,correct
rxhandbd,seed1_ce_only,P0585.jpg,mixit,mixit,correct
rxhandbd,seed1_ce_only,P0586.jpg,Dexnaaf,dexnaf,minor_ocr_noise
rxhandbd,seed1_ce_only,P0587.jpg,Povital,povital,correct
rxhandbd,seed1_ce_only,P0588.jpg,Flamyd,flamyd,correct
rxhandbd,seed1_ce_only,P0589.jpg,Delanix,delanix,correct
rxhandbd,seed1_ce_only,P0590.jpg,Torax,torax,correct
rxhandbd,seed1_ce_only,P0591.jpg,Fixgut,fixgut,correct
rxhandbd,seed1_ce_only,P0592.jpg,Ratinol,Routinol,minor_ocr_noise
rxhandbd,seed1_ce_only,P0593.jpg,Lactomore,lactimore,minor_ocr_noise
rxhandbd,seed1_ce_only,P0594.jpg,Novotril,Novotnil,minor_ocr_noise
rxhandbd,seed1_ce_only,P0595.jpg,Voltalin,voltalin,correct
rxhandbd,seed1_ce_only,P0596.jpg,Telmivas,Telmivas,correct
rxhandbd,seed1_ce_only,P0597.jpg,Pantonix,pantomix,minor_ocr_noise
rxhandbd,seed1_ce_only,P0598.jpg,fusid,fusid,correct
rxhandbd,seed1_ce_only,P0599.jpg,Anfree,anfree,correct
rxhandbd,seed1_ce_only,P0600.jpg,Disopan,disopen,minor_ocr_noise
rxhandbd,seed1_ce_only,P0601.jpg,Amlocal,Androlal,hallucination_far_off
rxhandbd,seed1_ce_only,P0602.jpg,escilex,esulfaps,hallucination_far_off
rxhandbd,seed1_ce_only,P0603.jpg,Estes,Estes,correct
rxhandbd,seed1_ce_only,P0604.jpg,escilex,utilax,hallucination_far_off
rxhandbd,seed1_ce_only,P0605.jpg,Analac,Audac,hallucination_far_off
rxhandbd,seed1_ce_only,P0606.jpg,Zimax,Zimax,correct
rxhandbd,seed1_ce_only,P0607.jpg,Dexter,Dexter,correct
rxhandbd,seed1_ce_only,P0608.jpg,Xinc,Xtac,hallucination_far_off
rxhandbd,seed1_ce_only,P0609.jpg,Ben A,Don A,confusable_wrong_drug
rxhandbd,seed1_ce_only,P0610.jpg,Dexter,Dextre,hallucination_far_off
rxhandbd,seed1_ce_only,P0611.jpg,Vorinox,vorinox,correct
rxhandbd,seed1_ce_only,P0612.jpg,Xyril,xysil,minor_ocr_noise
rxhandbd,seed1_ce_only,P0613.jpg,Fenadin,Feralin,minor_ocr_noise
rxhandbd,seed1_ce_only,P0614.jpg,Bilan,Bilan,correct
rxhandbd,seed1_ce_only,P0615.jpg,Dexter,Dexter,correct
rxhandbd,seed1_ce_only,P0616.jpg,Deflacort,deflav,hallucination_far_off
rxhandbd,seed1_ce_only,P0617.jpg,Estes,Capsilid,hallucination_far_off
rxhandbd,seed1_ce_only,P0618.jpg,clavusef,Clavulf,minor_ocr_noise
rxhandbd,seed1_ce_only,P0619.jpg,DON A,Don A,correct
rxhandbd,seed1_ce_only,P0620.jpg,Panaseng,Pamalene,hallucination_far_off
rxhandbd,seed1_ce_only,P0621.jpg,xinc B,xinc,confusable_wrong_drug
rxhandbd,seed1_ce_only,P0622.jpg,M-Kast,m-lucas,other_wrong_real_word
rxhandbd,seed1_ce_only,P0623.jpg,Bexter,Bexton,hallucination_far_off
rxhandbd,seed1_ce_only,P0624.jpg,cildip,Cildip,correct
rxhandbd,seed1_ce_only,P0625.jpg,Dexter,Dexter,correct
rxhandbd,seed1_ce_only,P0626.jpg,vorinox,varinox,minor_ocr_noise
rxhandbd,seed1_ce_only,P0627.jpg,Xyril,Xynil,minor_ocr_noise
rxhandbd,seed1_ce_only,P0628.jpg,Fenadin,Feralin,minor_ocr_noise
rxhandbd,seed1_ce_only,P0629.jpg,Bilan,Bilan,correct
rxhandbd,seed1_ce_only,P0630.jpg,Dexter,Dexter,correct
rxhandbd,seed1_ce_only,P0631.jpg,Phenocid,Phenoid,minor_ocr_noise
rxhandbd,seed1_ce_only,P0632.jpg,viglimet,deflav,hallucination_far_off
rxhandbd,seed1_ce_only,P0633.jpg,Glymed,viglimf,hallucination_far_off
rxhandbd,seed1_ce_only,P0634.jpg,Dexter,Glymfc,hallucination_far_off
rxhandbd,seed1_ce_only,P0635.jpg,ropitor,Dexter,other_wrong_real_word
rxhandbd,seed1_ce_only,P0636.jpg,Neuroxen,Nepitar,hallucination_far_off
rxhandbd,seed1_ce_only,P0637.jpg,methomol,Neuroxen,other_wrong_real_word
rxhandbd,seed1_ce_only,P0638.jpg,Relaxo,melhomol,hallucination_far_off
rxhandbd,seed1_ce_only,P0639.jpg,Dexter,relaxo,other_wrong_real_word
rxhandbd,seed1_ce_only,P0640.jpg,Dexter,Dexter,correct
rxhandbd,seed1_ce_only,P0641.jpg,Emlidus,emlidus,correct
rxhandbd,seed1_ce_only,P0642.jpg,lanolin,Xremolin,hallucination_far_off
rxhandbd,seed1_ce_only,P0643.jpg,m-lucas,m-lucas,correct
rxhandbd,seed1_ce_only,P0644.jpg,DON A,doda,hallucination_far_off
rxhandbd,seed1_ce_only,P0645.jpg,Xinc,xinc,correct
rxhandbd,seed1_ce_only,P0646.jpg,norium,Nosium,minor_ocr_noise
rxhandbd,seed1_ce_only,P0647.jpg,Nameton,Nameton,correct
rxhandbd,seed1_ce_only,P0648.jpg,voligel,Voligep,minor_ocr_noise
rxhandbd,seed1_ce_only,P0649.jpg,Gel,gef,hallucination_far_off
rxhandbd,seed1_ce_only,P0650.jpg,Combicid,Ceuralid,hallucination_far_off
rxhandbd,seed1_ce_only,P0651.jpg,cildip,Cranj,hallucination_far_off
rxhandbd,seed1_ce_only,P0652.jpg,Naproxen,Neuroxen,confusable_wrong_drug
rxhandbd,seed1_ce_only,P0653.jpg,Salost,Salost,correct
rxhandbd,seed1_ce_only,P0654.jpg,Dexter,Dexter,correct
rxhandbd,seed1_ce_only,P0655.jpg,m-lucas,m-lucas,correct
rxhandbd,seed1_ce_only,P0656.jpg,propenta,Frofranil,hallucination_far_off
rxhandbd,seed1_ce_only,P0657.jpg,Ecosprin,Ecosin,minor_ocr_noise
rxhandbd,seed1_ce_only,P0658.jpg,Dexter,Dexter,correct
rxhandbd,seed1_ce_only,P0659.jpg,Dexter,Devixil,other_wrong_real_word
rxhandbd,seed1_ce_only,P0660.jpg,Gefapix,Crefapix,minor_ocr_noise
rxhandbd,seed1_ce_only,P0661.jpg,Monas,monasio,minor_ocr_noise
rxhandbd,seed1_ce_only,P0662.jpg,fexo,Fexpo,minor_ocr_noise
rxhandbd,seed1_ce_only,P0663.jpg,Dexter,Dexfacas,hallucination_far_off
rxhandbd,seed1_ce_only,P0664.jpg,Neuroxen,Nafumf,hallucination_far_off
rxhandbd,seed1_ce_only,P0665.jpg,m-lucas,Anin,hallucination_far_off
rxhandbd,seed1_ce_only,P0666.jpg,Naproxen,Neemoxen,hallucination_far_off
rxhandbd,seed1_ce_only,P0667.jpg,radiflex,Naliflex,minor_ocr_noise
rxhandbd,seed1_ce_only,P0668.jpg,DON A,halloul Dx,hallucination_far_off
rxhandbd,seed1_ce_only,P0669.jpg,Dexter,Dexter,correct
rxhandbd,seed1_ce_only,P0670.jpg,Denixil,Devixil,confusable_wrong_drug
rxhandbd,seed1_ce_only,P0671.jpg,moxilin,moxilin,correct
rxhandbd,seed1_ce_only,P0672.jpg,Montene,Montane,minor_ocr_noise
rxhandbd,seed1_ce_only,P0673.jpg,Fenadin,Feralin,minor_ocr_noise
rxhandbd,seed1_ce_only,P0674.jpg,Napa,Napa,correct
rxhandbd,seed1_ce_only,P0675.jpg,Dexter,Dexter,correct
rxhandbd,seed1_ce_only,P0676.jpg,probio,Tablet,other_wrong_real_word
rxhandbd,seed1_ce_only,P0677.jpg,DON A,Don A,correct
rxhandbd,seed1_ce_only,P0678.jpg,denixil,Devixil,confusable_wrong_drug
rxhandbd,seed1_ce_only,P0679.jpg,Neuroxen,Neuroxen,correct
rxhandbd,seed1_ce_only,P0680.jpg,Asynta,Asynth,minor_ocr_noise
rxhandbd,seed1_ce_only,P0681.jpg,Dexter,Dexter,correct
rxhandbd,seed1_ce_only,P0682.jpg,Bislol,Capsule,other_wrong_real_word
rxhandbd,seed1_ce_only,P0683.jpg,rosu,bed,hallucination_far_off
rxhandbd,seed1_ce_only,P0684.jpg,Dexter,Nest,hallucination_far_off
rxhandbd,seed1_ce_only,P0685.jpg,Alfane,B. Sofalfe,hallucination_far_off
rxhandbd,seed1_ce_only,P0686.jpg,DON A,Don A,correct
rxhandbd,seed1_ce_only,P0687.jpg,Dexter,Dexter,correct
rxhandbd,seed1_ce_only,P0688.jpg,Avolac,apsloc,hallucination_far_off
rxhandbd,seed1_ce_only,P0689.jpg,Toramax,toramex,confusable_wrong_drug
rxhandbd,seed1_ce_only,P0690.jpg,Relentus,relentus,correct
rxhandbd,seed1_ce_only,P0691.jpg,arth,arth,correct
rxhandbd,seed1_ce_only,P0692.jpg,Neuroxen,Neuroxen,correct
rxhandbd,seed1_ce_only,P0693.jpg,Calbon,Calboral,confusable_wrong_drug
rxhandbd,seed1_ce_only,P0694.jpg,Dexter,Dexter,correct
rxhandbd,seed1_ce_only,P0695.jpg,Flamfix,Flemfox,minor_ocr_noise
rxhandbd,seed1_ce_only,P0696.jpg,arth,Arth,correct
rxhandbd,seed1_ce_only,P0697.jpg,Neuroxen,Nuroxen,minor_ocr_noise
rxhandbd,seed1_ce_only,P0698.jpg,m-lucas,m-lucas,correct
rxhandbd,seed1_ce_only,P0699.jpg,m-lucas,m-lucas,correct
rxhandbd,seed1_ce_only,P0700.jpg,Fenadin,Fenasw,hallucination_far_off
rxhandbd,seed1_ce_only,P0701.jpg,Terbikill,Terbilil,minor_ocr_noise
rxhandbd,seed1_ce_only,P0702.jpg,Xyril,Xyni,hallucination_far_off
rxhandbd,seed1_ce_only,P0703.jpg,Biscor,Biscolol,hallucination_far_off
rxhandbd,seed1_ce_only,P0704.jpg,Dexter,Dexter,correct
rxhandbd,seed1_ce_only,P0705.jpg,Combicid,Calind,hallucination_far_off
rxhandbd,seed1_ce_only,P0706.jpg,Gintex,Gintep,minor_ocr_noise
rxhandbd,seed1_ce_only,P0707.jpg,Estes,Estes,correct
rxhandbd,seed1_ce_only,P0708.jpg,Setra,Setra,correct
rxhandbd,seed1_ce_only,P0709.jpg,Escilex,Eslilex,confusable_wrong_drug
rxhandbd,seed1_ce_only,P0710.jpg,vigorex,vigorex,correct
rxhandbd,seed1_ce_only,P0711.jpg,Dexter,Dexter,correct
rxhandbd,seed1_ce_only,P0712.jpg,E-vit,E-nif,hallucination_far_off
rxhandbd,seed1_ce_only,P0713.jpg,m-lucas,m-lucas,correct
rxhandbd,seed1_ce_only,P0714.jpg,Ecosprin Plus,Ecosin plus,minor_ocr_noise
rxhandbd,seed1_ce_only,P0715.jpg,Rivarox,Nisrox,hallucination_far_off
rxhandbd,seed1_ce_only,P0716.jpg,Bislol,Biscor,confusable_wrong_drug
rxhandbd,seed1_ce_only,P0717.jpg,rosu,Nosa,hallucination_far_off
rxhandbd,seed1_ce_only,P0718.jpg,Dexter,Dexter,correct
rxhandbd,seed1_ce_only,P0719.jpg,Alfane,Alface,minor_ocr_noise
rxhandbd,seed1_ce_only,P0720.jpg,Neuroxen,Neuroxen,correct
rxhandbd,seed1_ce_only,P0721.jpg,m-lucas,m-lucas,correct
rxhandbd,seed1_ce_only,P0722.jpg,Dexter,Dexter,correct
rxhandbd,seed1_ce_only,P0723.jpg,Calboral dx,Calbonidx,hallucination_far_off
rxhandbd,seed1_ce_only,P0724.jpg,deviry,Deixit,hallucination_far_off
rxhandbd,seed1_ce_only,P0725.jpg,Bislol,Seon,hallucination_far_off
rxhandbd,seed1_ce_only,P0726.jpg,rosu,Carre,hallucination_far_off
rxhandbd,seed1_ce_only,P0727.jpg,vbi care,Vbilore,hallucination_far_off
rxhandbd,seed1_ce_only,P0728.jpg,ENQ,Enq,correct
rxhandbd,seed1_ce_only,P0729.jpg,Setra,Seta,minor_ocr_noise
rxhandbd,seed1_ce_only,P0730.jpg,Gintex,Gintup,hallucination_far_off
rxhandbd,seed1_ce_only,P0731.jpg,vigorex,vigorex,correct
rxhandbd,seed1_ce_only,P0732.jpg,Dexter,Dexter,correct
rxhandbd,seed1_ce_only,P0733.jpg,clacef,Clauf,hallucination_far_off
rxhandbd,seed1_ce_only,P0734.jpg,m-lucas,m-lucas,correct
rxhandbd,seed1_ce_only,P0735.jpg,acliz plus,Dorphylline,hallucination_far_off
rxhandbd,seed1_ce_only,P0736.jpg,Dexter,Deshas,hallucination_far_off
rxhandbd,seed1_ce_only,P0737.jpg,Amlip,Dexter,other_wrong_real_word
rxhandbd,seed1_ce_only,P0738.jpg,Cildip,Cildip,correct
rxhandbd,seed1_ce_only,P0739.jpg,denixil,Devinil,minor_ocr_noise
rxhandbd,seed1_ce_only,P0740.jpg,folzin,Polzin,minor_ocr_noise
rxhandbd,seed1_ce_only,P0741.jpg,Calboral,Calboral,correct
rxhandbd,seed1_ce_only,P0742.jpg,esprazo,Bsprazo,minor_ocr_noise
rxhandbd,seed1_ce_only,P0743.jpg,Neuro,Neuro,correct
rxhandbd,seed1_ce_only,P0744.jpg,acliz plus,deliz plus,minor_ocr_noise
rxhandbd,seed1_ce_only,P0745.jpg,geolan,4coron,hallucination_far_off
rxhandbd,seed1_ce_only,P0746.jpg,naprox,Neprox,minor_ocr_noise
rxhandbd,seed1_ce_only,P0747.jpg,esprazo,Gsprazo,minor_ocr_noise
rxhandbd,seed1_ce_only,P0748.jpg,Napa,Napa,correct
rxhandbd,seed1_ce_only,P0749.jpg,Zimax,Zincx,hallucination_far_off
rxhandbd,seed1_ce_only,P0750.jpg,montene,Monten,minor_ocr_noise
rxhandbd,seed1_ce_only,P0751.jpg,Neuro B,Neuro-B,correct
rxhandbd,seed1_ce_only,P0752.jpg,Calboral,Calboral,correct
rxhandbd,seed1_ce_only,P0753.jpg,Amlip,Smitup,hallucination_far_off
rxhandbd,seed1_ce_only,P0754.jpg,Calboral,Calboral,correct
rxhandbd,seed1_ce_only,P0755.jpg,folzin,Kolzin,minor_ocr_noise
rxhandbd,seed1_ce_only,P0756.jpg,Esprazo,Bsprazo,minor_ocr_noise
rxhandbd,seed1_ce_only,P0757.jpg,viset,Nisef,hallucination_far_off
rxhandbd,seed1_ce_only,P0758.jpg,Neuro-B,Neuro-B,correct
rxhandbd,seed1_ce_only,P0759.jpg,Napa,Gosmos,hallucination_far_off
rxhandbd,seed1_ce_only,P0760.jpg,Cap. Foldin,Cal. Folzin,minor_ocr_noise
rxhandbd,seed1_ce_only,P0761.jpg,Calboral,Calboral,correct
rxhandbd,seed1_ce_only,P0762.jpg,Nexum,Nexum,correct
rxhandbd,seed1_ce_only,P0763.jpg,Neuro,Neuro,correct
rxhandbd,seed1_ce_only,P0764.jpg,Napa,Napa,correct
rxhandbd,seed1_ce_only,P0765.jpg,lecor,Montenelong,hallucination_far_off
rxhandbd,seed1_ce_only,P0766.jpg,Revarol,Revapsi,hallucination_far_off
rxhandbd,seed1_ce_only,P0767.jpg,Gerhinal,Geofres,hallucination_far_off
rxhandbd,seed1_ce_only,P0768.jpg,folzin,folgin,minor_ocr_noise
rxhandbd,seed1_ce_only,P0769.jpg,Nexum,Nexum,correct
rxhandbd,seed1_ce_only,P0770.jpg,Neuro B,Neuro-B,correct
rxhandbd,seed1_ce_only,P0771.jpg,Napa,Napa,correct
rxhandbd,seed1_ce_only,P0772.jpg,Calboral,Zincx,hallucination_far_off
rxhandbd,seed1_ce_only,P0773.jpg,Montene,Montene,correct
rxhandbd,seed1_ce_only,P0774.jpg,calboral,Aliygen,hallucination_far_off
rxhandbd,seed1_ce_only,P0775.jpg,Folzin,Naproxin,hallucination_far_off
rxhandbd,seed1_ce_only,P0776.jpg,Plus,Plus,correct
rxhandbd,seed1_ce_only,P0777.jpg,Dekalin,Dekalin,correct
rxhandbd,seed1_ce_only,P0778.jpg,Zimax,Bsprazo,hallucination_far_off
rxhandbd,seed1_ce_only,P0779.jpg,Neuro,Neuro,correct
rxhandbd,seed1_ce_only,P0780.jpg,Calboral,Calboral,correct
rxhandbd,seed1_ce_only,P0781.jpg,Flugal,Flugal,correct
rxhandbd,seed1_ce_only,P0782.jpg,lecor,lecor,correct
rxhandbd,seed1_ce_only,P0783.jpg,A-fun,A fun,correct
rxhandbd,seed1_ce_only,P0784.jpg,Neuro,Cpitsu,hallucination_far_off
rxhandbd,seed1_ce_only,P0785.jpg,Amlip,amitip,confusable_wrong_drug
rxhandbd,seed1_ce_only,P0786.jpg,calboral,Calboral,correct
rxhandbd,seed1_ce_only,P0787.jpg,Folzin,Folzin,correct
rxhandbd,seed1_ce_only,P0788.jpg,Nexum,esprazo,other_wrong_real_word
rxhandbd,seed1_ce_only,P0789.jpg,visel,visel,correct
rxhandbd,seed1_ce_only,P0790.jpg,Neuro,Neuro,correct
rxhandbd,seed1_ce_only,P0791.jpg,Calboral,Gespro,hallucination_far_off
rxhandbd,seed1_ce_only,P0792.jpg,Folzin,Folzin,correct
rxhandbd,seed1_ce_only,P0793.jpg,epitra,Nexum mups,other_wrong_real_word
rxhandbd,seed1_ce_only,P0794.jpg,Neuro,Neuro,correct
rxhandbd,seed1_ce_only,P0795.jpg,Calboral,Zionex,hallucination_far_off
rxhandbd,seed1_ce_only,P0796.jpg,Montene,Montene,correct
rxhandbd,seed1_ce_only,P0797.jpg,Neuro,Ceups,hallucination_far_off
rxhandbd,seed1_ce_only,P0798.jpg,Ambroy,Ambrox,confusable_wrong_drug
rxhandbd,seed1_ce_only,P0799.jpg,Desolon,Desolon,correct
rxhandbd,seed1_ce_only,P0800.jpg,pel. Desolan,pau. Desolon,minor_ocr_noise
rxhandbd,seed1_ce_only,P0801.jpg,Barbit,Naprox S.B,hallucination_far_off
rxhandbd,seed1_ce_only,P0802.jpg,Flugal,pingcal,hallucination_far_off
rxhandbd,seed1_ce_only,P0803.jpg,Naprox,Bsprazo,hallucination_far_off
rxhandbd,seed1_ce_only,P0804.jpg,Neuro,Neuro,correct
rxhandbd,seed1_ce_only,P0805.jpg,calboral,Calboral,correct
rxhandbd,seed1_ce_only,P0806.jpg,Arnitip,Amifip,hallucination_far_off
rxhandbd,seed1_ce_only,P0807.jpg,epitra,Epetaxa,hallucination_far_off
rxhandbd,seed1_ce_only,P0808.jpg,Folzin,Folzin,correct
rxhandbd,seed1_ce_only,P0809.jpg,Calboral,Calboral,correct
rxhandbd,seed1_ce_only,P0810.jpg,Nexum,Nexum,correct
rxhandbd,seed1_ce_only,P0811.jpg,Neuro,Neuro,correct
rxhandbd,seed1_ce_only,P0812.jpg,Linax,Zionax,hallucination_far_off
rxhandbd,seed1_ce_only,P0813.jpg,Montene,Montene,correct
rxhandbd,seed1_ce_only,P0814.jpg,Microgest,microgen,minor_ocr_noise
rxhandbd,seed1_ce_only,P0815.jpg,Revatol,Revato,minor_ocr_noise
rxhandbd,seed1_ce_only,P0816.jpg,Calboral,Calboral,correct
rxhandbd,seed1_ce_only,P0817.jpg,Folzin,Fotrin,hallucination_far_off
rxhandbd,seed1_ce_only,P0818.jpg,Norium,Nexum,other_wrong_real_word
rxhandbd,seed1_ce_only,P0819.jpg,viset,visep,minor_ocr_noise
rxhandbd,seed1_ce_only,P0820.jpg,Neuro,Neuro,correct
rxhandbd,seed1_ce_only,P0821.jpg,Barbit,Barbij,minor_ocr_noise
rxhandbd,seed1_ce_only,P0822.jpg,geolan,Gexon,hallucination_far_off
rxhandbd,seed1_ce_only,P0823.jpg,Novelon lite,Novelon Lite,correct
rxhandbd,seed1_ce_only,P0824.jpg,Seclo,Seklo,minor_ocr_noise
rxhandbd,seed1_ce_only,P0825.jpg,Neuro,Neuro,correct
rxhandbd,seed1_ce_only,P0826.jpg,Calbo,Calbo,correct
rxhandbd,seed1_ce_only,P0827.jpg,Naprox,Naporox,minor_ocr_noise
rxhandbd,seed1_ce_only,P0828.jpg,Flugal,Fungal,hallucination_far_off
rxhandbd,seed1_ce_only,P0829.jpg,Lecor,lecor,correct
rxhandbd,seed1_ce_only,P0830.jpg,Amitip,Aonitip,minor_ocr_noise
rxhandbd,seed1_ce_only,P0831.jpg,epitra,Epitox,hallucination_far_off
rxhandbd,seed1_ce_only,P0832.jpg,Folzin,Folzin,correct
rxhandbd,seed1_ce_only,P0833.jpg,Calboral,Calboral,correct
rxhandbd,seed1_ce_only,P0834.jpg,Nexum,Nexum,correct
rxhandbd,seed1_ce_only,P0835.jpg,Neuro,Neuro,correct
rxhandbd,seed1_ce_only,P0836.jpg,Acliz Plus,deliz plus,minor_ocr_noise
rxhandbd,seed1_ce_only,P0837.jpg,geolan,Geston,other_wrong_real_word
rxhandbd,seed1_ce_only,P0838.jpg,Fenix-v,Fesix-V,minor_ocr_noise
rxhandbd,seed1_ce_only,P0839.jpg,Calboral-DX,Calboral-Dx,correct
rxhandbd,seed1_ce_only,P0840.jpg,Nexum,Nexum,correct
rxhandbd,seed1_ce_only,P0841.jpg,Neuro,Neuro,correct
rxhandbd,seed1_ce_only,P0842.jpg,Combicid,combiceid,minor_ocr_noise
rxhandbd,seed1_ce_only,P0843.jpg,Ointment,ointment,correct
rxhandbd,seed1_ce_only,P0844.jpg,Rupa,Rupa,correct
rxhandbd,seed1_ce_only,P0845.jpg,Fungidal,Fungidol,minor_ocr_noise
rxhandbd,seed1_ce_only,P0846.jpg,demelon,Desolon,confusable_wrong_drug
rxhandbd,seed1_ce_only,P0847.jpg,Nexum,Nexum,correct
rxhandbd,seed1_ce_only,P0848.jpg,Flugal,Fuyal,hallucination_far_off
rxhandbd,seed1_ce_only,P0849.jpg,Dekalin,dekalin,correct
rxhandbd,seed1_ce_only,P0850.jpg,Lecor,Lelor,minor_ocr_noise
rxhandbd,seed1_ce_only,P0851.jpg,Amitip,Smithp,hallucination_far_off
rxhandbd,seed1_ce_only,P0852.jpg,Neuro,Neuro,correct
rxhandbd,seed1_ce_only,P0853.jpg,calcor,Calcor,correct
rxhandbd,seed1_ce_only,P0854.jpg,Calboral,Calboral,correct
rxhandbd,seed1_ce_only,P0855.jpg,Folzin,Folzin,correct
rxhandbd,seed1_ce_only,P0856.jpg,Esprazo,Esprazo,correct
rxhandbd,seed1_ce_only,P0857.jpg,Algin,Algin,correct
rxhandbd,seed1_ce_only,P0858.jpg,Neuro,Neuro,correct
rxhandbd,seed1_ce_only,P0859.jpg,Algin Plus,deliz plus,hallucination_far_off
rxhandbd,seed1_ce_only,P0860.jpg,Gestrenol,Genrenol,minor_ocr_noise
rxhandbd,seed1_ce_only,P0861.jpg,Calboral,Calboral,correct
rxhandbd,seed1_ce_only,P0862.jpg,Folzin,Folzin,correct
rxhandbd,seed1_ce_only,P0863.jpg,Nexum,Nexum,correct
rxhandbd,seed1_ce_only,P0864.jpg,Algin,Algin,correct
rxhandbd,seed1_ce_only,P0865.jpg,zimax,linax,other_wrong_real_word
rxhandbd,seed1_ce_only,P0866.jpg,Montene,Montene,correct
rxhandbd,seed1_ce_only,P0867.jpg,Neuro,Neuro,correct
rxhandbd,seed1_ce_only,P0868.jpg,Gestrenol,Geofrenol,minor_ocr_noise
rxhandbd,seed1_ce_only,P0869.jpg,Flugal,Flugal,correct
rxhandbd,seed1_ce_only,P0870.jpg,Dekalin,dekalin,correct
rxhandbd,seed1_ce_only,P0871.jpg,Naprox,Naprox,correct
rxhandbd,seed1_ce_only,P0872.jpg,Lecor,Lecor,correct
rxhandbd,seed1_ce_only,P0873.jpg,Seclo,Scelo,hallucination_far_off
rxhandbd,seed1_ce_only,P0874.jpg,Neuro,Neuro,correct
rxhandbd,seed1_ce_only,P0875.jpg,Calboral,Calboral,correct
rxhandbd,seed1_ce_only,P0876.jpg,Amitip,Aonitip,minor_ocr_noise
rxhandbd,seed1_ce_only,P0877.jpg,fenix-v,ferixar,hallucination_far_off
rxhandbd,seed1_ce_only,P0878.jpg,Calboral-DX,Calboral-DX,correct
rxhandbd,seed1_ce_only,P0879.jpg,Nexum,Nexum,correct
rxhandbd,seed1_ce_only,P0880.jpg,Mups,Mups,correct
rxhandbd,seed1_ce_only,P0881.jpg,Neuro B,Neuro-B,correct
rxhandbd,seed1_ce_only,P0882.jpg,zimax,Zimax,correct
rxhandbd,seed1_ce_only,P0883.jpg,Montene,Montenu,minor_ocr_noise
rxhandbd,seed1_ce_only,P0884.jpg,Gestrenol,Gensenol,hallucination_far_off
rxhandbd,seed1_ce_only,P0885.jpg,gascon,Gascon,correct
rxhandbd,seed1_ce_only,P0886.jpg,demelon,Desolon,confusable_wrong_drug
rxhandbd,seed1_ce_only,P0887.jpg,Naprox,Naprox,correct
rxhandbd,seed1_ce_only,P0888.jpg,Esprazo,Bspruzo,minor_ocr_noise
rxhandbd,seed1_ce_only,P0889.jpg,Neuro,Neuro,correct
rxhandbd,seed1_ce_only,P0890.jpg,Calboral,Calboral,correct
rxhandbd,seed1_ce_only,P0891.jpg,Amitip,Aonitip,minor_ocr_noise
rxhandbd,seed1_ce_only,P0892.jpg,epitra,griton,hallucination_far_off
rxhandbd,seed1_ce_only,P0893.jpg,D Cap,d-cap,correct
rxhandbd,seed1_ce_only,P0894.jpg,Calboral,Calboral,correct
rxhandbd,seed1_ce_only,P0895.jpg,Folzin,folgin,minor_ocr_noise
rxhandbd,seed1_ce_only,P0896.jpg,Nexe mups,Nexum mups,confusable_wrong_drug
rxhandbd,seed1_ce_only,P0897.jpg,Algin,Argin,minor_ocr_noise
rxhandbd,seed1_ce_only,P0898.jpg,Neuro B,Neuro-B,correct
rxhandbd,seed1_ce_only,P0899.jpg,Barbit,Barbit,correct
rxhandbd,seed1_ce_only,P0900.jpg,gascon,Garcon,confusable_wrong_drug
rxhandbd,seed1_ce_only,P0901.jpg,Gestrenol,Germanol,hallucination_far_off
rxhandbd,seed1_ce_only,P0902.jpg,Normen,Normens,confusable_wrong_drug
rxhandbd,seed1_ce_only,P0903.jpg,AC PR,Aepr,hallucination_far_off
rxhandbd,seed1_ce_only,P0904.jpg,Seclo,Sexlo,minor_ocr_noise
rxhandbd,seed1_ce_only,P0905.jpg,Neuro B,Neuro-B,correct
rxhandbd,seed1_ce_only,P0906.jpg,Calboral,Calboral,correct
rxhandbd,seed1_ce_only,P0907.jpg,Amitip,amitip,correct
rxhandbd,seed1_ce_only,P0908.jpg,epitra,Epetox,hallucination_far_off
rxhandbd,seed1_ce_only,P0909.jpg,Folzin,Folzin,correct
rxhandbd,seed1_ce_only,P0910.jpg,Calboral,Calboral,correct
rxhandbd,seed1_ce_only,P0911.jpg,Esprazo,Esprazo,correct
rxhandbd,seed1_ce_only,P0912.jpg,Algin,Algin,correct
rxhandbd,seed1_ce_only,P0913.jpg,Neuro B,Neuro-B,correct
rxhandbd,seed1_ce_only,P0914.jpg,Gestrenol,Geotrenol,confusable_wrong_drug
rxhandbd,seed1_ce_only,P0915.jpg,Desolon,Desolon,correct
rxhandbd,seed1_ce_only,P0916.jpg,Seclo,Seelo,minor_ocr_noise
rxhandbd,seed1_ce_only,P0917.jpg,Naprox,Naprox,correct
rxhandbd,seed1_ce_only,P0918.jpg,Neuro,Neuro,correct
rxhandbd,seed1_ce_only,P0919.jpg,Calboral,Calboral,correct
rxhandbd,seed1_ce_only,P0920.jpg,Amitip,Smithip,minor_ocr_noise
rxhandbd,seed1_ce_only,P0921.jpg,Epitra,Epitra,correct
rxhandbd,seed1_ce_only,P0922.jpg,Flugal,Flugal,correct
rxhandbd,seed1_ce_only,P0923.jpg,Lecor,Lecor,correct
rxhandbd,seed1_ce_only,P0924.jpg,Folzin,folalin,minor_ocr_noise
rxhandbd,seed1_ce_only,P0925.jpg,Calboral,Calboral,correct
rxhandbd,seed1_ce_only,P0926.jpg,Nexum,Nexum,correct
rxhandbd,seed1_ce_only,P0927.jpg,Algin,Algin,correct
rxhandbd,seed1_ce_only,P0928.jpg,Neuro,Neuro,correct
rxhandbd,seed1_ce_only,P0929.jpg,Gestrenol,Gesprinol,minor_ocr_noise
rxhandbd,seed1_ce_only,P0930.jpg,Fenix-v,ferix-v,confusable_wrong_drug
rxhandbd,seed1_ce_only,P0931.jpg,Calboral DX,Calboral Dx,correct
rxhandbd,seed1_ce_only,P0932.jpg,Nexum,Nexum,correct
rxhandbd,seed1_ce_only,P0933.jpg,Neuro B,Neuro-B,correct
rxhandbd,seed1_ce_only,P0934.jpg,Bukof,Basket,hallucination_far_off
rxhandbd,seed1_ce_only,P0935.jpg,Microgest,microgus,minor_ocr_noise
rxhandbd,seed1_ce_only,P0936.jpg,Folzin,Folzin,correct
rxhandbd,seed1_ce_only,P0937.jpg,calboral,Calboral,correct
rxhandbd,seed1_ce_only,P0938.jpg,Nexum,Nexum,correct
rxhandbd,seed1_ce_only,P0939.jpg,Algin,Algin,correct
rxhandbd,seed1_ce_only,P0940.jpg,Neuro,Neuro,correct
rxhandbd,seed1_ce_only,P0941.jpg,Acliz Plus,aloplus,hallucination_far_off
rxhandbd,seed1_ce_only,P0942.jpg,geolan,Geops,hallucination_far_off
rxhandbd,seed1_ce_only,P0943.jpg,demelon,Desolon,confusable_wrong_drug
rxhandbd,seed1_ce_only,P0944.jpg,Flugal,Flugal,correct
rxhandbd,seed1_ce_only,P0945.jpg,Nexum,Nexum,correct
rxhandbd,seed1_ce_only,P0946.jpg,Naprox,Naporox,minor_ocr_noise
rxhandbd,seed1_ce_only,P0947.jpg,Neuro B,Neuro-B,correct
rxhandbd,seed1_ce_only,P0948.jpg,calboral,Calboral,correct
rxhandbd,seed1_ce_only,P0949.jpg,Epitra,Epitox,hallucination_far_off
rxhandbd,seed1_ce_only,P0950.jpg,Amitip,Amitip,correct
rxhandbd,seed1_ce_only,P0951.jpg,Fenix,Fenix,correct
rxhandbd,seed1_ce_only,P0952.jpg,Calboral-DX,Calboral-Dx,correct
rxhandbd,seed1_ce_only,P0953.jpg,Esprazo,Bspruzo,minor_ocr_noise
rxhandbd,seed1_ce_only,P0954.jpg,Algin,Algin,correct
rxhandbd,seed1_ce_only,P0955.jpg,Neuro-B,Neuro-B,correct
rxhandbd,seed1_ce_only,P0956.jpg,?icrogent,microgen,minor_ocr_noise
rxhandbd,seed1_ce_only,P0957.jpg,Nystat,Nystat,correct
rxhandbd,seed1_ce_only,P0958.jpg,ESCilex,Seton,hallucination_far_off
rxhandbd,seed1_ce_only,P0959.jpg,Escilex,Eclilex,minor_ocr_noise
rxhandbd,seed1_ce_only,P0960.jpg,Tryptin,Tryptin,correct
rxhandbd,seed1_ce_only,P0961.jpg,Nexum,Nexun,minor_ocr_noise
rxhandbd,seed1_ce_only,P0962.jpg,Xyril,Yyril,minor_ocr_noise
rxhandbd,seed1_ce_only,P0963.jpg,Cantilid,Centilid,minor_ocr_noise
rxhandbd,seed1_ce_only,P0964.jpg,calboral,Lulizoflien,hallucination_far_off
rxhandbd,seed1_ce_only,P0965.jpg,Farofew,farofen,minor_ocr_noise
rxhandbd,seed1_ce_only,P0966.jpg,Malucan,m-lucas,confusable_wrong_drug
rxhandbd,seed1_ce_only,P0967.jpg,Esprazo,Profranof,hallucination_far_off
rxhandbd,seed1_ce_only,P0968.jpg,reelife,Neelife,minor_ocr_noise
rxhandbd,seed1_ce_only,P0969.jpg,lufilox,Lufilox,correct
rxhandbd,seed1_ce_only,P0970.jpg,Avolac,Aulac,hallucination_far_off
rxhandbd,seed1_ce_only,P0971.jpg,Dexter,Dexter,correct
rxhandbd,seed1_ce_only,P0972.jpg,Deuxil,Devixil,confusable_wrong_drug
rxhandbd,seed1_ce_only,P0973.jpg,Nystat,Nystat,correct
rxhandbd,seed1_ce_only,P0974.jpg,Setra,Seton,hallucination_far_off
rxhandbd,seed1_ce_only,P0975.jpg,Escilex,Eslilex,confusable_wrong_drug
rxhandbd,seed1_ce_only,P0976.jpg,Tryptin,Typefw,hallucination_far_off
rxhandbd,seed1_ce_only,P0977.jpg,Nexum,Nexon,hallucination_far_off
rxhandbd,seed1_ce_only,P0978.jpg,Don A,Don A,correct
rxhandbd,seed1_ce_only,P0979.jpg,Xinc,xinc,correct
rxhandbd,seed1_ce_only,P0980.jpg,Zovia,Aorac,hallucination_far_off
rxhandbd,seed1_ce_only,P0981.jpg,Zymet Pro,Zymefro,hallucination_far_off
rxhandbd,seed1_ce_only,P0982.jpg,algin,Algin,correct
rxhandbd,seed1_ce_only,P0983.jpg,Paloxi,Pelox,hallucination_far_off
rxhandbd,seed1_ce_only,P0984.jpg,finix,Fimix,confusable_wrong_drug
rxhandbd,seed1_ce_only,P0985.jpg,cefotil,Cefotil,correct
rxhandbd,seed1_ce_only,P0986.jpg,FLAMEX,Flamex,correct
rxhandbd,seed1_ce_only,P0987.jpg,Bilon,Bilon,correct
rxhandbd,seed1_ce_only,P0988.jpg,sergel,Sergel,correct
rxhandbd,seed1_ce_only,P0989.jpg,Bartrocin,Boetrocin,minor_ocr_noise
rxhandbd,seed1_ce_only,P0990.jpg,ointment,ointment,correct
rxhandbd,seed1_ce_only,P0991.jpg,viodin,Violin,minor_ocr_noise
rxhandbd,seed1_ce_only,P0992.jpg,mouthwash,monthwosh,minor_ocr_noise
rxhandbd,seed1_ce_only,P0993.jpg,Bislol,Cristol,hallucination_far_off
rxhandbd,seed1_ce_only,P0994.jpg,Ecosprin,Ecosfus,hallucination_far_off
rxhandbd,seed1_ce_only,P0995.jpg,zithrox,Zithrox,correct
rxhandbd,seed1_ce_only,P0996.jpg,m-lucas,m-fucas,minor_ocr_noise
rxhandbd,seed1_ce_only,P0997.jpg,Dophylin,Dophylline,minor_ocr_noise
rxhandbd,seed1_ce_only,P0998.jpg,Neuroxen,Neuroxew,minor_ocr_noise
rxhandbd,seed1_ce_only,P0999.jpg,sergel,Rapaon,hallucination_far_off
rxhandbd,seed1_ce_only,P1000.jpg,celebrex,Calbonetix,hallucination_far_off
rxhandbd,seed1_ce_only,P1001.jpg,Fusid,Fusid,correct
rxhandbd,seed1_ce_only,P1002.jpg,Vildamet,vildamef,confusable_wrong_drug
rxhandbd,seed1_ce_only,P1003.jpg,Emazid,Ematid,minor_ocr_noise
rxhandbd,seed1_ce_only,P1004.jpg,Dexter,dextr,minor_ocr_noise
rxhandbd,seed1_ce_only,P1005.jpg,algin,brist,hallucination_far_off
rxhandbd,seed1_ce_only,P1006.jpg,gaviflux,Gainflex,hallucination_far_off
rxhandbd,seed1_ce_only,P1007.jpg,uliv,Nlv,hallucination_far_off
rxhandbd,seed1_ce_only,P1008.jpg,prolix,Probio,confusable_wrong_drug
rxhandbd,seed1_ce_only,P1009.jpg,Zymet,Zymef,confusable_wrong_drug
rxhandbd,seed1_ce_only,P1010.jpg,Dexter,Dexter,correct
rxhandbd,seed1_ce_only,P1011.jpg,Denixil,Deixil,confusable_wrong_drug
rxhandbd,seed1_ce_only,P1012.jpg,gaviflux,Gavifluw,minor_ocr_noise
rxhandbd,seed1_ce_only,P1013.jpg,Bislol,Brist,hallucination_far_off
rxhandbd,seed1_ce_only,P1014.jpg,M-lucas,m-lucas,correct
rxhandbd,seed1_ce_only,P1015.jpg,ginoba,Ginoba,correct
rxhandbd,seed1_ce_only,P1016.jpg,moxilin,moxilin,correct
rxhandbd,seed1_ce_only,P1017.jpg,vergon,vergon,correct
rxhandbd,seed1_ce_only,P1018.jpg,Denixil,Devixil,confusable_wrong_drug
rxhandbd,seed1_ce_only,P1019.jpg,m-lucas,Alodic,hallucination_far_off
rxhandbd,seed1_ce_only,P1020.jpg,viglimet,viglinet,minor_ocr_noise
rxhandbd,seed1_ce_only,P1021.jpg,Emlidus,Emlidus,correct
rxhandbd,seed1_ce_only,P1022.jpg,nutrifil,xulfifil,hallucination_far_off
rxhandbd,seed1_ce_only,P1023.jpg,Dexter,Dexter,correct
rxhandbd,seed1_ce_only,P1024.jpg,Escolex,Eslilex,confusable_wrong_drug
rxhandbd,seed1_ce_only,P1025.jpg,Revocit,Revocit,correct
rxhandbd,seed1_ce_only,P1026.jpg,Coralcal,conalcal,minor_ocr_noise
rxhandbd,seed1_ce_only,P1027.jpg,maxpro,Maxpro,correct
rxhandbd,seed1_ce_only,P1028.jpg,Neuroxen,Neuroan,minor_ocr_noise
rxhandbd,seed1_ce_only,P1029.jpg,drise,Drise,correct
rxhandbd,seed1_ce_only,P1030.jpg,m-lucas,m-lucas,correct
rxhandbd,seed1_ce_only,P1031.jpg,doxoven,Doxoven,correct
rxhandbd,seed1_ce_only,P1032.jpg,don A,Don A,correct
rxhandbd,seed1_ce_only,P1033.jpg,Xinc,xinc,correct
rxhandbd,seed1_ce_only,P1034.jpg,Xyril,Xyril,correct
rxhandbd,seed1_ce_only,P1035.jpg,Dexter,Dexter,correct
rxhandbd,seed1_ce_only,P1036.jpg,Revocit,Renoit,minor_ocr_noise
rxhandbd,seed1_ce_only,P1037.jpg,ostocal,Osrocal,minor_ocr_noise
rxhandbd,seed1_ce_only,P1038.jpg,maxpro,Maxpro,correct
rxhandbd,seed1_ce_only,P1039.jpg,Algin,Dietin,hallucination_far_off
rxhandbd,seed1_ce_only,P1040.jpg,uliv,Nilix,hallucination_far_off
rxhandbd,seed1_ce_only,P1041.jpg,prolix,Tablet,other_wrong_real_word
rxhandbd,seed1_ce_only,P1042.jpg,Zymet,Zymef,confusable_wrong_drug
rxhandbd,seed1_ce_only,P1043.jpg,Dexter,Dexter,correct
rxhandbd,seed1_ce_only,P1044.jpg,Denixil,Deixil,confusable_wrong_drug
rxhandbd,seed1_ce_only,P1045.jpg,gaviflux,Gaviflux,correct
rxhandbd,seed1_ce_only,P1046.jpg,nameton,Nameton,correct
rxhandbd,seed1_ce_only,P1047.jpg,don A,Nalifax,hallucination_far_off
rxhandbd,seed1_ce_only,P1048.jpg,neuroxen,Neuroxen,correct
rxhandbd,seed1_ce_only,P1049.jpg,doxoven,nallal,hallucination_far_off
rxhandbd,seed1_ce_only,P1050.jpg,Bislol,Brist,hallucination_far_off
rxhandbd,seed1_ce_only,P1051.jpg,Dexter,Dexter,correct
rxhandbd,seed1_ce_only,P1052.jpg,Escilex,Eslilax,minor_ocr_noise
rxhandbd,seed1_ce_only,P1053.jpg,Denixil,Devixil,confusable_wrong_drug
rxhandbd,seed1_ce_only,P1054.jpg,Folita,Folita,correct
rxhandbd,seed1_ce_only,P1055.jpg,Barbit,Narbit,minor_ocr_noise
rxhandbd,seed1_ce_only,P1056.jpg,Pregmos,Prognoj,hallucination_far_off
rxhandbd,seed1_ce_only,P1057.jpg,progest,prosept,minor_ocr_noise
rxhandbd,seed1_ce_only,P1058.jpg,algin,Arin,hallucination_far_off
rxhandbd,seed1_ce_only,P1059.jpg,nexum,Moncere,hallucination_far_off
rxhandbd,seed1_ce_only,P1060.jpg,algin,Algin,correct
rxhandbd,seed1_ce_only,P1061.jpg,Asynta,Asyn-te,minor_ocr_noise
rxhandbd,seed1_ce_only,P1062.jpg,napro,Nafro,minor_ocr_noise
rxhandbd,seed1_ce_only,P1063.jpg,neuroxen,Neuroxin,minor_ocr_noise
rxhandbd,seed1_ce_only,P1064.jpg,mig,Injection,other_wrong_real_word
rxhandbd,seed1_ce_only,P1065.jpg,arth,Asm,hallucination_far_off
rxhandbd,seed1_ce_only,P1066.jpg,Denixil,Seixil,minor_ocr_noise
rxhandbd,seed1_ce_only,P1067.jpg,zithrox,Zithrox,correct
rxhandbd,seed1_ce_only,P1068.jpg,m-lucas,m-lucas,correct
rxhandbd,seed1_ce_only,P1069.jpg,Cortan,Cortan,correct
rxhandbd,seed1_ce_only,P1070.jpg,Fenadin,fenasu,hallucination_far_off
rxhandbd,seed1_ce_only,P1071.jpg,combicid,contilid,hallucination_far_off
rxhandbd,seed1_ce_only,P1072.jpg,nexum,Nexum,correct
rxhandbd,seed1_ce_only,P1073.jpg,Fusid,Fusid,correct
rxhandbd,seed1_ce_only,P1074.jpg,neuroxen,Neuroxen,correct
rxhandbd,seed1_ce_only,P1075.jpg,Calboral,Calboral,correct
rxhandbd,seed1_ce_only,P1076.jpg,mig,mig,correct
rxhandbd,seed1_ce_only,P1077.jpg,methomol,metholol,minor_ocr_noise
rxhandbd,seed1_ce_only,P1078.jpg,Neugalin,Xenprin,hallucination_far_off
rxhandbd,seed1_ce_only,P1079.jpg,Dexter,Dexter,correct
rxhandbd,seed1_ce_only,P1080.jpg,Flexi,Flexi,correct
rxhandbd,seed1_ce_only,P1081.jpg,m-lucas,relenfus,hallucination_far_off
rxhandbd,seed1_ce_only,P1082.jpg,arth,Arth,correct
rxhandbd,seed1_ce_only,P1083.jpg,neuroxen,Nemopen,hallucination_far_off
rxhandbd,seed1_ce_only,P1084.jpg,nabumet,Nabumet,correct
rxhandbd,seed1_ce_only,P1085.jpg,Dexter,Dexter,correct
rxhandbd,seed1_ce_only,P1086.jpg,Denixil,Devixil,confusable_wrong_drug
rxhandbd,seed1_ce_only,P1087.jpg,Dexter,Imidate,hallucination_far_off
rxhandbd,seed1_ce_only,P1088.jpg,folive,Folive,correct
rxhandbd,seed1_ce_only,P1089.jpg,nystat,Nystat,correct
rxhandbd,seed1_ce_only,P1090.jpg,Zymef,Zymefro,minor_ocr_noise
rxhandbd,seed1_ce_only,P1091.jpg,Dexter,Dexter,correct
rxhandbd,seed1_ce_only,P1092.jpg,Escilex,Escape,hallucination_far_off
rxhandbd,seed1_ce_only,P1093.jpg,Asynta,Asyrata,minor_ocr_noise
rxhandbd,seed1_ce_only,P1094.jpg,Beklo,Bexo,hallucination_far_off
rxhandbd,seed1_ce_only,P1095.jpg,neuroxen,Neuroxen,correct
rxhandbd,seed1_ce_only,P1096.jpg,Napa,halloml Dx,hallucination_far_off
rxhandbd,seed1_ce_only,P1097.jpg,Zimax,relentin,hallucination_far_off
rxhandbd,seed1_ce_only,P1098.jpg,Dexter,Dexter,correct
rxhandbd,seed1_ce_only,P1099.jpg,Denixil,Devixil,confusable_wrong_drug
rxhandbd,seed1_ce_only,P1100.jpg,mig,mig,correct
rxhandbd,seed1_ce_only,P1101.jpg,Folzin,Cal. Folzin,hallucination_far_off
rxhandbd,seed1_ce_only,P1102.jpg,Calboral,Calboral,correct
rxhandbd,seed1_ce_only,P1103.jpg,Nexe Mups,Nexum mups,confusable_wrong_drug
rxhandbd,seed1_ce_only,P1104.jpg,Neuro B,Neuro-B,correct
rxhandbd,seed1_ce_only,P1105.jpg,Napa,Napa,correct
rxhandbd,seed1_ce_only,P1106.jpg,Zimax,Zimax,correct
rxhandbd,seed1_ce_only,P1107.jpg,Montelon,Montenelong,minor_ocr_noise
rxhandbd,seed1_ce_only,P1108.jpg,Revital,Revapsi,hallucination_far_off
rxhandbd,seed1_ce_only,P1109.jpg,gestrenol,Geofenol,hallucination_far_off
rxhandbd,seed1_ce_only,P1110.jpg,maxrin,Maxrin O.U,hallucination_far_off
rxhandbd,seed1_ce_only,P1111.jpg,Bislol,Biscor,confusable_wrong_drug
rxhandbd,seed1_ce_only,P1112.jpg,neurolin,Neurolin,correct
rxhandbd,seed1_ce_only,P1113.jpg,neuroxen,Neuroxen,correct
rxhandbd,seed1_ce_only,P1114.jpg,Denixil,Devixil,confusable_wrong_drug
rxhandbd,seed1_ce_only,P1115.jpg,Lubilax,lubilox,confusable_wrong_drug
